     0.00000      0.00000   1.55221   2.70366   4.82181  1   3.75397   2.58779   0.00365  1
    50.00000      0.00000   4.58817   1.09628   4.94915  1   0.47550   2.55736   3.96608  1
   100.00000      0.00000   2.77267   1.48339   3.21300  1   4.51731   1.02609   2.62216  1
   150.00000      0.00000   3.55706   1.75806   0.75696  1   4.56915   1.04863   2.58078  1
   200.00000      0.00000   0.69360   0.66040   0.10108  1   5.27029   2.46235   1.73028  1
   250.00000      0.00000   5.54170   1.50403   4.20284  1   3.89039   1.02531   0.13890  1
   300.00000      0.00000   2.75570   1.32383   0.91650  1   6.02882   2.85802   2.66658  1
   350.00000      0.00000   5.38909   2.51201   5.85869  1   3.88992   1.59370   2.69619  1
   400.00000      0.00000   0.14433   1.99340   3.87416  1   0.83249   0.89018   4.29703  1
   450.00000      0.00000   1.34683   0.91297   0.51794  1   5.89411   1.36002   0.67213  1
   500.00000      0.00000   5.84413   2.86545   3.03576  1   6.24060   1.12796   0.70252  1
   550.00000      0.00000   4.16118   2.36515   5.52267  1   2.24384   1.83183   1.18867  1
   600.00000      0.00000   1.39131   1.50388   0.74367  1   5.57312   1.43238   4.25957  1
   650.00000      0.00000   1.62174   1.55656   0.04998  1   2.56500   1.00476   0.97777  1
   700.00000      0.00000   1.66085   1.61699   6.08420  1   3.96878   2.21767   5.86103  1
   750.00000      0.00000   4.77889   1.66302   4.43691  1   2.53144   0.77710   1.05947  1
   800.00000      0.00000   2.91379   2.83795   5.97741  1   0.57671   1.24030   0.87231  1
   850.00000      0.00000   4.80675   1.25225   4.81130  1   3.63660   1.61214   6.14356  1
   900.00000      0.00000   2.06026   0.89555   5.52227  1   3.95138   1.26483   2.90608  1
   950.00000      0.00000   5.22565   2.24990   5.52089  1   2.31936   1.31472   0.30133  1
  1000.00000      0.00000   4.73887   1.85164   4.19614  1   2.23769   2.88230   1.08982  1
    25.00000     43.30127   1.17895   0.86011   5.96136  1   6.18495   0.58611   1.36041  1
    75.00000     43.30127   2.81893   1.29609   0.97531  1   5.95333   2.25687   0.92056  1
   125.00000     43.30127   1.29742   1.66278   0.31938  1   4.70752   2.95929   3.88247  1
   175.00000     43.30127   5.27583   2.43614   3.28710  1   5.81910   2.15093   4.02892  1
   225.00000     43.30127   3.11429   2.41530   6.06707  1   3.86583   1.71537   2.80620  1
   275.00000     43.30127   5.27088   2.43630   3.28220  1   5.80477   2.15563   4.02544  1
   325.00000     43.30127   5.72537   2.61592   2.70393  1   0.86345   0.87201   6.27457  1
   375.00000     43.30127   0.14384   1.97465   3.89254  1   4.96651   2.06915   3.22510  1
   425.00000     43.30127   4.50606   2.23622   5.73855  1   2.05874   2.32984   5.23329  1
   475.00000     43.30127   0.13157   1.96735   3.89519  1   1.45284   0.49268   3.93321  1
   525.00000     43.30127   2.90144   2.85691   5.67274  1   5.37466   2.03443   3.29065  1
   575.00000     43.30127   3.72953   1.69321   5.80106  1   3.71889   1.73433   5.79836  1
   625.00000     43.30127   4.29758   1.52315   4.07851  1   4.52224   1.83678   5.15257  1
   675.00000     43.30127   3.15954   0.22509   3.22242  1   3.75709   2.25876   3.46084  1
   725.00000     43.30127   5.63122   1.76845   4.02647  1   1.44732   1.53182   5.87273  1
   775.00000     43.30127   4.58898   1.80226   4.52473  1   4.08801   1.79182   0.08093  1
   825.00000     43.30127   4.24695   2.28136   5.77415  1   5.52830   1.46259   3.88243  1
   875.00000     43.30127   4.84389   1.25343   4.74832  1   3.65359   1.54781   6.11906  1
   925.00000     43.30127   2.06171   0.88144   5.51895  1   2.31969   1.32589   0.31201  1
   975.00000     43.30127   3.88955   2.22476   6.04386  1   1.47878   1.72115   5.98320  1
     0.00000     86.60254   2.72102   0.84293   0.19910  1   1.03033   0.90183   4.59576  1
    50.00000     86.60254   2.64244   0.97017   1.20223  1   2.22535   0.77368   2.50899  1
   100.00000     86.60254   2.64413   0.96142   1.19555  1   4.96862   1.46588   4.51268  1
   150.00000     86.60254   4.41554   1.47837   5.98359  1   1.58931   1.45072   5.50784  1
   200.00000     86.60254   2.13793   0.69561   3.00620  1   4.16607   2.64881   0.77283  1
   250.00000     86.60254   5.28702   2.45099   3.29871  1   5.80528   2.17016   4.03622  1
   300.00000     86.60254   2.49320   0.27522   3.53626  1   5.43238   1.82130   3.82111  1
   350.00000     86.60254   4.49325   2.24493   5.73953  1   2.08282   2.33293   5.25207  1
   400.00000     86.60254   4.49167   2.25709   2.62335  1   4.62663   2.65143   0.80029  1
   450.00000     86.60254   3.26927   1.17671   5.53756  1   1.43950   0.49979   3.93917  1
   500.00000     86.60254   1.27590   0.82703   5.73579  1   4.36861   1.47909   5.87690  1
   550.00000     86.60254   1.26537   0.82273   5.75859  1   3.00762   1.38053   5.52192  1
   600.00000     86.60254   2.66891   0.85038   3.22271  1   1.17756   1.60877   5.37249  1
   650.00000     86.60254   3.02385   0.20694   3.35764  1   5.80200   1.90188   3.83592  1
   700.00000     86.60254   5.63132   1.76277   4.03171  1   1.44481   1.53165   5.87107  1
   750.00000     86.60254   0.76314   0.74949   6.20618  1   1.33570   1.58645   4.91588  1
   800.00000     86.60254   5.32264   1.54735   4.07054  1   3.87007   2.08192   5.95401  1
   850.00000     86.60254   6.16428   0.68536   0.80171  1   4.13376   1.89765   4.96125  1
   900.00000     86.60254   2.65680   0.91989   1.31887  1   2.80834   2.57809   5.93208  1
   950.00000     86.60254   2.30649   2.22603   4.95659  1   6.24609   1.26543   0.93423  1
  1000.00000     86.60254   2.30843   2.25108   4.98725  1   6.24417   1.26481   0.89921  1
    25.00000    129.90381   4.59039   2.52874   3.51084  1   3.36853   1.35093   5.27739  1
    75.00000    129.90381   1.49455   0.61006   5.86569  1   3.37166   1.36535   5.29118  1
   125.00000    129.90381   1.23649   1.67591   0.26073  1   3.64585   0.37884   2.30180  1
   175.00000    129.90381   4.41427   1.49139   5.98252  1   1.59615   1.44684   5.51655  1
   225.00000    129.90381   5.26429   2.44671   3.26751  1   5.82153   2.16668   4.02230  1
   275.00000    129.90381   1.69920   2.07402   0.16367  1   5.05790   1.66238   2.70832  1
   325.00000    129.90381   4.11757   1.84682   4.37421  1   4.44947   2.06403   5.54944  1
   375.00000    129.90381   5.31569   2.36722   0.01753  1   3.81419   2.76589   0.89677  1
   425.00000    129.90381   5.83165   1.57934   4.07115  1   4.01109   2.60134   0.59529  1
   475.00000    129.90381   4.26822   1.89320   4.67208  1   0.61742   1.20699   4.54028  1
   525.00000    129.90381   4.95850   2.75524   3.84166  1   1.31254   0.69047   4.00740  1
   575.00000    129.90381   5.36107   2.10331   3.97293  1   4.95615   2.25794   3.22905  1
   625.00000    129.90381   2.12007   2.94877   5.41784  1   0.33600   1.06782   0.85030  1
   675.00000    129.90381   2.50376   1.36676   2.23216  1   4.58917   1.63438   5.13006  1
   725.00000    129.90381   5.62766   1.76608   4.03380  1   1.44752   1.53337   5.87213  1
   775.00000    129.90381   0.78860   0.73803   6.12448  1   2.49581   1.35634   2.73856  1
   825.00000    129.90381   3.96243   2.40267   0.17866  1   5.37334   1.46830   0.85759  1
   875.00000    129.90381   1.78187   0.22939   3.02638  1   4.23877   1.02958   4.91733  1
   925.00000    129.90381   6.22996   2.50051   4.80664  1   3.09227   0.62816   3.07450  1
   975.00000    129.90381   3.08050   0.62584   3.08795  1   5.66306   1.57910   4.12162  1
     0.00000    173.20508   2.77468   1.17124   1.13287  1   5.03469   1.36458   4.72363  1
    50.00000    173.20508   1.48406   0.59448   5.85752  1   3.35460   1.37417   5.27471  1
   100.00000    173.20508   2.66984   0.93996   1.18490  1   1.11736   1.49695   0.95393  1
   150.00000    173.20508   2.45164   0.71695   3.27811  1   6.03155   0.53474   0.74885  1
   200.00000    173.20508   5.10216   1.89527   3.90220  1   3.02888   2.69313   6.12422  1
   250.00000    173.20508   5.10002   1.91896   3.92198  1   2.95529   2.69121   6.05232  1
   300.00000    173.20508   5.52391   2.02373   3.84424  1   3.16855   0.10126   2.93473  1
   350.00000    173.20508   5.96813   1.78604   0.62132  1   1.51978   2.46734   0.31307  1
   400.00000    173.20508   4.29791   2.51314   0.05993  1   4.19032   0.96798   1.62470  1
   450.00000    173.20508   4.39513   1.51363   5.97050  1   0.15911   2.35612   3.37377  1
   500.00000    173.20508   0.05380   2.70133   4.09647  1   0.72528   1.19235   2.86137  1
   550.00000    173.20508   5.04665   2.74114   5.53642  1   0.98000   2.00296   5.96346  1
   600.00000    173.20508   4.53245   1.70448   4.58929  1   2.64214   1.30959   1.00069  1
   650.00000    173.20508   3.98250   1.83244   3.85695  1   3.32651   2.79840   6.14657  1
   700.00000    173.20508   2.70518   0.75461   1.18095  1   1.17096   2.07942   6.25582  1
   750.00000    173.20508   5.37637   1.43597   0.87648  1   5.39073   1.41415   5.57124  1
   800.00000    173.20508   2.57142   0.90294   3.16155  1   5.68192   0.67322   1.60588  1
   850.00000    173.20508   1.66863   1.56926   5.97725  1   1.63129   1.59569   4.39974  1
   900.00000    173.20508   2.13068   0.38613   3.68256  1   5.33366   1.91535   3.57397  1
   950.00000    173.20508   3.12783   0.42859   3.05240  1   5.66773   1.75258   4.02882  1
  1000.00000    173.20508   3.91821   2.76820   4.78046  1   6.17807   2.36486   3.42729  1
    25.00000    216.50635   5.36926   2.14567   3.62749  1   1.17278   2.16210   0.28200  1
    75.00000    216.50635   3.87455   2.65655   2.08642  1   1.81342   1.79229   0.38296  1
   125.00000    216.50635   2.30465   0.48145   3.62009  1   1.84051   1.79590   3.54896  1
   175.00000    216.50635   1.85558   1.80043   0.43738  1   1.83089   1.78210   0.41639  1
   225.00000    216.50635   1.84305   0.79391   5.63908  1   3.52557   1.46896   5.49938  1
   275.00000    216.50635   1.06420   2.14841   4.17268  1   4.49816   2.85794   3.72108  1
   325.00000    216.50635   1.46275   2.58599   4.76786  1   4.83268   1.78868   3.52191  1
   375.00000    216.50635   5.33107   1.70646   4.24139  1   1.13201   1.37754   0.99860  1
   425.00000    216.50635   3.01269   2.84601   0.20796  1   4.69406   1.72669   5.50443  1
   475.00000    216.50635   5.34488   1.57242   4.18109  1   2.81231   0.66728   3.03736  1
   525.00000    216.50635   5.34903   1.56339   4.16069  1   2.79427   0.66064   3.06182  1
   575.00000    216.50635   5.87297   2.23122   3.44011  1   0.43677   2.43765   4.08095  1
   625.00000    216.50635   5.24389   1.79925   4.10414  1   2.80473   2.36242   1.27007  1
   675.00000    216.50635   2.65789   0.52038   1.24437  1   3.12342   2.58440   5.92094  1
   725.00000    216.50635   2.56703   0.62906   1.33407  1   4.99993   1.63809   4.21562  1
   775.00000    216.50635   5.70020   2.67288   5.36912  1   5.57323   2.70813   3.70557  1
   825.00000    216.50635   5.42771   2.19446   1.39928  1   2.06216   1.76547   0.86219  1
   875.00000    216.50635   5.47768   1.85340   4.27487  1   2.29417   2.95013   5.07484  1
   925.00000    216.50635   5.78057   1.78317   4.21420  1   1.00960   0.90679   0.61074  1
   975.00000    216.50635   2.90809   0.41003   3.31442  1   4.63029   1.52746   5.11593  1
     0.00000    259.80762   5.11644   2.38402   5.86476  1   0.13663   1.32068   0.84865  1
    50.00000    259.80762   4.84185   0.11033   6.03607  1   6.18591   2.74360   3.62217  1
   100.00000    259.80762   0.74268   0.49503   4.18459  1   5.92272   1.90194   1.51576  1
   150.00000    259.80762   2.41912   0.70762   3.30867  1   3.85201   1.77608   5.87279  1
   200.00000    259.80762   3.39573   2.74543   1.69842  1   2.73011   1.16273   6.14964  1
   250.00000    259.80762   5.00085   2.35887   5.36857  1   0.38365   1.65842   0.79381  1
   300.00000    259.80762   1.84926   0.77907   5.62882  1   3.51801   1.47824   5.48494  1
   350.00000    259.80762   5.27653   1.64747   4.22775  1   1.08273   1.41761   0.95190  1
   400.00000    259.80762   5.28606   1.62856   4.25018  1   1.09732   1.41295   0.92372  1
   450.00000    259.80762   2.15703   0.89391   1.69997  1   0.70369   1.68641   3.82097  1
   500.00000    259.80762   5.27561   1.54885   4.01044  1   2.52310   0.60137   3.30564  1
   550.00000    259.80762   2.68844   0.89719   1.24786  1   3.18241   2.03883   5.90082  1
   600.00000    259.80762   4.81232   1.57013   4.54710  1   2.55500   0.91760   1.07507  1
   650.00000    259.80762   3.25790   1.39670   6.24754  1   2.58361   0.88889   1.03540  1
   700.00000    259.80762   4.34558   2.45553   6.07588  1   3.06630   0.66352   1.37370  1
   750.00000    259.80762   5.73892   1.69166   3.75862  1   5.95391   2.51200   6.11653  1
   800.00000    259.80762   1.13066   0.77320   0.00918  1   0.17880   2.09470   4.11661  1
   850.00000    259.80762   2.67955   1.80720   6.26362  1   0.65305   0.90804   3.88703  1
   900.00000    259.80762   5.09744   1.73022   4.12287  1   2.65793   0.49557   1.35752  1
   950.00000    259.80762   3.21391   0.52672   4.69107  1   4.13357   2.48048   6.13931  1
  1000.00000    259.80762   0.82467   0.50789   4.79625  1   2.86393   1.46427   6.26271  1
    25.00000    303.10889   5.10161   2.37347   5.85779  1   0.12851   1.32398   0.83759  1
    75.00000    303.10889   3.90003   2.63581   2.09406  1   3.79123   2.59541   2.03432  1
   125.00000    303.10889   0.16485   1.95596   4.46874  1   1.43042   1.55084   0.14052  1
   175.00000    303.10889   5.17182   2.47366   5.58096  1   2.79458   0.35048   1.96475  1
   225.00000    303.10889   4.86829   1.57888   4.32729  1   1.70551   1.18413   6.14950  1
   275.00000    303.10889   1.46661   0.87172   6.07344  1   3.42968   1.13592   5.50249  1
   325.00000    303.10889   2.87818   1.85744   2.38327  1   3.41677   1.27002   5.52240  1
   375.00000    303.10889   0.76872   1.37186   4.88875  1   4.26617   1.94331   5.69075  1
   425.00000    303.10889   1.19415   0.80060   6.13822  1   0.09619   2.02147   4.01931  1
   475.00000    303.10889   1.98688   1.79407   4.44809  1   4.80325   1.52965   3.94744  1
   525.00000    303.10889   2.40515   0.61125   1.44631  1   5.35234   0.95296   1.70296  1
   575.00000    303.10889   1.14054   2.06349   0.01535  1   3.59819   2.35279   3.75591  1
   625.00000    303.10889   4.80402   1.60116   4.50800  1   0.63944   1.19569   0.76920  1
   675.00000    303.10889   2.41253   1.09432   2.42804  1   0.29845   3.04410   3.59906  1
   725.00000    303.10889   1.22731   0.80499   6.17739  1   3.29987   1.09480   5.39364  1
   775.00000    303.10889   1.22880   0.79258   6.17743  1   3.09214   2.66795   1.37534  1
   825.00000    303.10889   4.27134   2.11991   6.08262  1   4.28660   2.50485   0.17547  1
   875.00000    303.10889   5.09958   1.70526   4.13094  1   1.50798   1.61160   4.94137  1
   925.00000    303.10889   5.08751   1.73228   4.13094  1   5.36758   1.47388   2.06083  1
   975.00000    303.10889   5.38019   2.32472   2.71462  1   2.25131   0.80729   1.95266  1
     0.00000    346.41016   5.75698   1.88386   3.54542  1   5.40165   1.56996   3.91032  1
    50.00000    346.41016   4.87114   2.53127   5.47103  1   3.32599   1.55430   0.61716  1
   100.00000    346.41016   0.83942   0.55081   0.68637  1   4.73675   1.52518   3.29635  1
   150.00000    346.41016   3.19730   1.69155   1.00376  1   3.14412   1.64715   5.72444  1
   200.00000    346.41016   2.04782   0.64181   5.41840  1   5.53768   1.07623   4.96036  1
   250.00000    346.41016   1.96455   0.68399   5.14861  1   0.12995   1.35360   4.05841  1
   300.00000    346.41016   1.73119   1.51311   5.86339  1   4.51149   1.88993   5.51499  1
   350.00000    346.41016   2.57589   1.05423   0.87445  1   0.83558   3.07488   3.96847  1
   400.00000    346.41016   3.22813   0.66108   4.37748  1   1.75114   1.49464   0.45306  1
   450.00000    346.41016   2.33919   0.98514   2.16004  1   5.87054   2.39870   0.70325  1
   500.00000    346.41016   0.19962   2.05381   4.01896  1   5.89460   1.52027   0.72932  1
   550.00000    346.41016   2.72448   0.79423   1.12579  1   3.27616   2.85670   6.10844  1
   600.00000    346.41016   4.86598   2.08708   5.16124  1   2.20406   1.00569   2.09140  1
   650.00000    346.41016   2.41446   1.07193   2.43980  1   4.55943   1.61812   4.77801  1
   700.00000    346.41016   5.25043   1.99868   3.54242  1   3.00558   1.01510   6.20136  1
   750.00000    346.41016   2.29480   0.86505   3.13528  1   3.77088   1.56698   5.50454  1
   800.00000    346.41016   2.28730   0.86208   3.11695  1   5.33650   0.71239   1.65965  1
   850.00000    346.41016   5.10350   1.72079   4.11964  1   3.21910   2.96052   0.08414  1
   900.00000    346.41016   4.98199   2.72897   4.48431  1   3.34497   1.12343   5.65761  1
   950.00000    346.41016   5.19203   1.40097   4.36143  1   1.04858   1.43782   0.66510  1
  1000.00000    346.41016   5.19405   1.38078   4.36830  1   1.42302   2.70799   0.21811  1
    25.00000    389.71143   1.87049   0.60241   4.06541  1   4.23417   1.04564   5.12484  1
    75.00000    389.71143   5.27109   2.30877   6.05020  1   0.73189   1.76345   0.75580  1
   125.00000    389.71143   3.10407   0.64616   3.08261  1   2.78627   0.22149   3.82501  1
   175.00000    389.71143   2.55532   1.04685   2.82505  1   5.47552   1.71127   3.81766  1
   225.00000    389.71143   5.67614   2.08714   3.43025  1   1.76820   1.78764   0.18541  1
   275.00000    389.71143   3.45197   0.71814   3.09598  1   3.52454   2.63488   3.68569  1
   325.00000    389.71143   1.57341   0.84113   5.22378  1   0.59556   1.55616   1.26812  1
   375.00000    389.71143   0.10569   0.80818   0.85760  1   4.35651   1.86447   4.82198  1
   425.00000    389.71143   2.32878   0.97211   2.18724  1   2.99751   1.83819   1.78388  1
   475.00000    389.71143   1.77755   2.77067   5.00717  1   2.62541   0.79949   2.20623  1
   525.00000    389.71143   2.76716   0.76816   1.07610  1   3.14725   2.84574   5.97315  1
   575.00000    389.71143   2.76613   0.78024   1.07140  1   5.01567   1.65672   4.44132  1
   625.00000    389.71143   1.72891   1.01987   5.82829  1   3.47707   1.28918   5.71348  1
   675.00000    389.71143   5.68967   0.17027   1.03539  1   4.70240   1.75416   4.98695  1
   725.00000    389.71143   5.42903   2.28068   3.18553  1   5.54456   0.35184   0.96021  1
   775.00000    389.71143   5.43368   2.27874   3.18010  1   5.57244   0.34673   0.93741  1
   825.00000    389.71143   2.28512   0.86352   3.12896  1   5.34299   0.71759   1.65640  1
   875.00000    389.71143   5.96707   1.74168   2.13320  1   1.11895   1.09444   4.89024  1
   925.00000    389.71143   5.40607   1.49702   4.15892  1   2.81053   0.71053   3.11604  1
   975.00000    389.71143   5.18386   1.38450   4.36557  1   2.72224   0.92018   1.40410  1
     0.00000    433.01270   5.30543   2.30176   1.32671  1   3.46387   2.07556   5.52376  1
    50.00000    433.01270   5.32703   2.30847   6.03919  1   2.80218   0.75496   3.31524  1
   100.00000    433.01270   4.62980   1.55747   3.79746  1   3.51601   2.26527   6.10242  1
   150.00000    433.01270   1.51402   1.55505   5.62490  1   4.17631   2.55488   0.04707  1
   200.00000    433.01270   3.53265   0.71185   2.79348  1   3.72166   0.36396   6.26854  1
   250.00000    433.01270   1.68939   1.35698   0.90844  1   1.34791   1.64692   0.55427  1
   300.00000    433.01270   3.14959   0.97098   2.92256  1   1.10603   1.53842   4.85376  1
   350.00000    433.01270   0.07811   0.79659   0.88010  1   4.34922   1.89523   4.83166  1
   400.00000    433.01270   3.22483   2.32278   2.26386  1   5.06030   1.97337   4.37575  1
   450.00000    433.01270   2.83684   0.84518   3.05988  1   0.18829   2.26457   6.20558  1
   500.00000    433.01270   2.98437   1.15329   1.01756  1   5.67438   3.02159   2.03299  1
   550.00000    433.01270   4.47010   2.86744   0.62503  1   4.21723   1.35380   5.88029  1
   600.00000    433.01270   1.75898   1.05345   1.17841  1   4.60061   1.71345   3.82767  1
   650.00000    433.01270   1.90920   1.00589   5.67669  1   4.70656   1.79952   4.02903  1
   700.00000    433.01270   5.73592   0.17234   0.97660  1   6.15414   2.24699   3.84314  1
   750.00000    433.01270   5.92629   2.06504   3.94008  1   4.09815   0.16725   2.35783  1
   800.00000    433.01270   5.40781   2.27802   3.14334  1   5.44410   2.28271   1.64191  1
   850.00000    433.01270   2.92170   0.21043   3.37228  1   0.57981   0.49191   0.08784  1
   900.00000    433.01270   0.70262   1.82420   0.76836  1   4.59661   2.42188   5.20851  1
   950.00000    433.01270   2.79510   0.76284   3.12117  1   3.52075   1.81011   6.00289  1
  1000.00000    433.01270   4.52647   0.41718   2.15716  1   3.43159   2.14957   3.25829  1
    25.00000    476.31397   5.39639   1.78104   3.97611  1   2.34282   0.55660   1.43860  1
    75.00000    476.31397   1.49538   1.59789   5.64154  1   6.17606   2.47050   4.69602  1
   125.00000    476.31397   3.06429   0.65502   3.13779  1   3.50881   2.27420   6.06811  1
   175.00000    476.31397   2.56626   1.05523   2.81295  1   3.08322   2.18348   5.96775  1
   225.00000    476.31397   2.53890   1.05551   2.83899  1   0.50221   1.05522   4.28478  1
   275.00000    476.31397   3.60836   1.94471   2.75032  1   6.15510   0.83733   4.52216  1
   325.00000    476.31397   5.30627   1.95944   0.34648  1   5.04735   1.55569   3.83502  1
   375.00000    476.31397   1.97183   1.72931   0.88322  1   1.75652   1.42841   0.37593  1
   425.00000    476.31397   4.18228   0.47134   2.51195  1   0.13504   2.84304   5.02274  1
   475.00000    476.31397   3.01638   1.11872   0.94729  1   4.23370   2.08382   5.71998  1
   525.00000    476.31397   1.14377   1.01772   0.53585  1   3.27531   0.73660   2.80230  1
   575.00000    476.31397   0.84921   1.42429   0.91956  1   1.90723   1.53873   5.18907  1
   625.00000    476.31397   1.77807   1.02935   1.15767  1   4.23954   0.69727   2.10922  1
   675.00000    476.31397   1.25705   1.83902   4.10521  1   2.44601   1.50063   5.81205  1
   725.00000    476.31397   5.56015   2.41656   2.61628  1   1.24164   1.25309   5.66194  1
   775.00000    476.31397   3.14349   0.89859   2.79016  1   0.99104   1.10559   4.46623  1
   825.00000    476.31397   4.10984   2.57776   6.24341  1   1.52279   1.51999   5.65648  1
   875.00000    476.31397   5.25488   2.30401   6.01186  1   0.17593   1.18876   0.80450  1
   925.00000    476.31397   1.59595   1.93863   0.40535  1   3.38268   2.99331   6.26025  1
   975.00000    476.31397   4.54673   0.43679   2.14480  1   3.29116   2.59047   5.82814  1
     0.00000    519.61524   5.38645   1.77521   3.96893  1   0.95234   2.79447   6.24801  1
    50.00000    519.61524   5.63061   2.96947   2.61086  1   0.59116   0.97819   0.42150  1
   100.00000    519.61524   2.35001   1.68410   0.40250  1   0.99125   0.39529   5.99861  1
   150.00000    519.61524   1.51897   1.49403   6.22212  1   2.52929   1.05605   2.40569  1
   200.00000    519.61524   4.66089   1.60491   4.77341  1   2.50851   1.07749   0.88420  1
   250.00000    519.61524   5.70976   1.64491   4.02712  1   1.52301   1.59417   5.76525  1
   300.00000    519.61524   1.32030   1.45272   0.76505  1   3.29312   2.43526   6.00753  1
   350.00000    519.61524   1.32271   1.44947   0.77978  1   4.12292   2.70905   0.21694  1
   400.00000    519.61524   3.48641   2.35071   1.50459  1   0.47167   1.21779   0.42269  1
   450.00000    519.61524   4.25427   1.97509   5.68643  1   4.34698   1.91100   3.36482  1
   500.00000    519.61524   4.76415   2.06757   5.24745  1   4.43559   2.63282   3.82106  1
   550.00000    519.61524   1.88364   1.44840   5.17482  1   1.23187   0.13391   4.13857  1
   600.00000    519.61524   5.00827   2.23190   3.68792  1   5.02915   2.23883   3.73829  1
   650.00000    519.61524   4.75524   1.67398   5.85574  1   5.78868   0.03525   1.67297  1
   700.00000    519.61524   1.42016   1.00098   5.00061  1   4.91850   1.88467   3.32136  1
   750.00000    519.61524   5.58565   1.93993   3.82801  1   1.46287   1.60812   6.12203  1
   800.00000    519.61524   3.14564   0.91573   2.80551  1   3.11201   2.56027   5.79274  1
   850.00000    519.61524   4.10181   2.56316   6.26202  1   0.95064   2.22382   0.02381  1
   900.00000    519.61524   1.55394   3.04686   0.21255  1   0.33378   1.01566   0.72111  1
   950.00000    519.61524   1.53960   0.52279   5.76263  1   1.47794   0.55708   4.25932  1
  1000.00000    519.61524   1.53871   0.52108   5.74795  1   1.49434   0.56854   4.21846  1
    25.00000    562.91651   2.71987   1.26970   0.40397  1   1.62090   1.24070   5.83606  1
    75.00000    562.91651   1.67009   1.65998   0.80973  1   1.83586   1.32381   6.01522  1
   125.00000    562.91651   1.53220   1.52281   6.23284  1   2.52314   1.06298   0.87954  1
   175.00000    562.91651   1.51655   1.59794   3.21131  1   5.58304   2.13300   3.68273  1
   225.00000    562.91651   5.59250   1.67305   4.10576  1   1.40275   1.51281   5.75169  1
   275.00000    562.91651   5.60218   1.66149   4.09288  1   4.91505   1.23690   1.03562  1
   325.00000    562.91651   1.32984   1.45313   0.77643  1   4.45379   1.70158   5.52093  1
   375.00000    562.91651   1.93219   0.83963   5.53156  1   3.82007   1.24013   5.96183  1
   425.00000    562.91651   3.92819   2.22545   5.28681  1   0.78022   0.97764   0.98590  1
   475.00000    562.91651   0.31074   0.40676   0.19562  1   2.79644   1.14203   0.13752  1
   525.00000    562.91651   3.26112   2.32015   4.77508  1   1.45931   2.55165   4.26360  1
   575.00000    562.91651   0.61954   0.84632   1.37193  1   0.17186   0.87881   3.75887  1
   625.00000    562.91651   1.78066   1.07827   5.78084  1   4.58086   1.72802   3.94113  1
   675.00000    562.91651   2.42973   1.15635   0.87691  1   6.10164   3.01365   3.09256  1
   725.00000    562.91651   5.59716   1.93724   3.85654  1   2.91229   0.18365   3.26122  1
   775.00000    562.91651   1.69417   1.68192   0.11015  1   2.73245   1.05211   0.31839  1
   825.00000    562.91651   3.16917   0.46343   3.28902  1   4.23471   2.38629   6.13345  1
   875.00000    562.91651   2.41831   2.26481   5.09275  1   0.02256   1.31753   0.82831  1
   925.00000    562.91651   1.57705   3.04235   4.94340  1   0.32594   1.00655   0.72200  1
   975.00000    562.91651   4.68713   2.60168   5.24479  1   5.76047   1.35412   4.20670  1
     0.00000    606.21778   1.68100   1.85968   0.41729  1   3.60805   2.18934   3.20342  1
    50.00000    606.21778   3.12697   0.74384   3.29510  1   1.26466   1.96625   3.49192  1
   100.00000    606.21778   6.26321   2.39728   4.54874  1   1.83122   1.34576   6.05165  1
   150.00000    606.21778   1.52831   1.52414   6.22543  1   3.71566   2.16768   5.65966  1
   200.00000    606.21778   5.59702   1.66302   4.10623  1   3.06568   0.54305   3.04378  1
   250.00000    606.21778   5.59207   1.68059   4.09049  1   1.40343   1.52351   5.76606  1
   300.00000    606.21778   1.35676   0.73046   5.54349  1   2.01967   3.08195   0.61371  1
   350.00000    606.21778   2.39506   0.64235   1.35676  1   5.79129   2.54757   5.89590  1
   400.00000    606.21778   4.89330   1.69519   4.35044  1   4.42847   1.62093   6.24815  1
   450.00000    606.21778   4.04882   2.15123   6.06269  1   1.25460   2.52101   5.02703  1
   500.00000    606.21778   0.18909   0.38883   3.62154  1   5.00467   1.21945   4.38016  1
   550.00000    606.21778   5.03343   2.26927   3.80013  1   3.04411   2.14705   5.45752  1
   600.00000    606.21778   4.95558   2.74215   4.30774  1   2.02624   0.70111   3.64960  1
   650.00000    606.21778   4.64272   2.66053   0.89639  1   4.30570   1.84981   4.47095  1
   700.00000    606.21778   1.69818   0.69685   5.29838  1   4.69189   1.66144   4.83700  1
   750.00000    606.21778   3.02444   2.72223   6.19766  1   3.87303   2.47864   3.52595  1
   800.00000    606.21778   4.93865   1.92653   4.25685  1   5.94616   0.54543   3.77987  1
   850.00000    606.21778   5.23763   1.30829   0.84029  1   0.84105   0.78085   5.86290  1
   900.00000    606.21778   0.51567   1.90028   0.75952  1   5.45925   2.12299   2.71599  1
   950.00000    606.21778   1.33084   1.48706   0.02341  1   2.31779   0.98257   2.45914  1
  1000.00000    606.21778   0.93083   0.69004   6.09942  1   2.62840   1.35168   2.68446  1
    25.00000    649.51905   1.73805   1.01470   5.76440  1   3.45945   1.33515   5.71470  1
    75.00000    649.51905   4.60260   2.19832   5.43375  1   6.20675   1.62416   0.62354  1
   125.00000    649.51905   5.69002   1.66003   3.91715  1   4.74701   1.60577   2.80555  1
   175.00000    649.51905   2.45699   1.18625   2.37316  1   4.57951   1.61275   4.90735  1
   225.00000    649.51905   4.76672   2.07453   4.54167  1   3.24050   1.34570   5.82160  1
   275.00000    649.51905   1.33713   0.72536   0.85744  1   1.40033   1.50206   4.76464  1
   325.00000    649.51905   3.04555   1.28064   4.70173  1   3.24237   2.41468   2.92314  1
   375.00000    649.51905   5.73697   1.57059   3.83941  1   2.81633   1.21400   2.82937  1
   425.00000    649.51905   4.14332   2.21822   6.26320  1   0.48026   0.72258   3.82115  1
   475.00000    649.51905   1.04984   1.07434   6.20866  1   3.31313   1.17661   3.16520  1
   525.00000    649.51905   1.04115   1.06843   4.68536  1   4.11506   1.77108   5.00172  1
   575.00000    649.51905   5.90134   2.05369   3.49552  1   2.71709   1.05773   1.19764  1
   625.00000    649.51905   4.40757   1.35267   5.18169  1   5.63498   2.63052   5.91282  1
   675.00000    649.51905   2.45841   1.25338   2.58365  1   5.33262   2.92755   2.23589  1
   725.00000    649.51905   4.92417   1.32858   2.90638  1   1.23642   0.70036   4.74138  1
   775.00000    649.51905   1.17241   2.79307   5.52358  1   3.43750   2.60888   6.07299  1
   825.00000    649.51905   1.22645   2.76710   5.59436  1   4.65896   2.03141   5.25560  1
   875.00000    649.51905   1.32685   1.46649   0.02355  1   2.32499   0.97147   2.44188  1
   925.00000    649.51905   5.01727   1.37286   4.10724  1   0.53267   1.05322   0.10816  1
   975.00000    649.51905   0.94009   0.44177   5.86773  1   4.06112   2.66590   1.95469  1
     0.00000    692.82032   5.21970   2.34549   5.83105  1   5.17274   2.29131   2.64132  1
    50.00000    692.82032   2.62873   2.94948   4.28414  1   5.55660   2.28278   3.71024  1
   100.00000    692.82032   5.69203   1.67946   3.92019  1   4.73512   1.62566   2.78632  1
   150.00000    692.82032   2.46332   1.18401   2.35317  1   0.14349   2.93378   3.42500  1
   200.00000    692.82032   5.60363   1.95423   3.91445  1   1.44511   1.53056   6.09263  1
   250.00000    692.82032   1.41158   0.74122   0.75972  1   2.95276   1.58899   5.44118  1
   300.00000    692.82032   2.31654   2.07223   0.55107  1   2.95077   1.58530   5.43256  1
   350.00000    692.82032   0.39542   1.69820   3.79059  1   4.93047   1.74704   3.30962  1
   400.00000    692.82032   5.29552   2.28870   6.13410  1   0.14042   1.10564   0.82350  1
   450.00000    692.82032   0.67689   1.68434   3.86291  1   5.22973   2.24795   2.93431  1
   500.00000    692.82032   0.12414   1.94153   4.18971  1   5.66301   1.62193   4.09528  1
   550.00000    692.82032   0.46352   2.53912   4.44236  1   2.03080   1.44413   0.47761  1
   600.00000    692.82032   5.99948   0.74086   1.21322  1   0.46481   2.53669   4.44180  1
   650.00000    692.82032   5.60615   2.64391   2.71902  1   6.03774   1.13766   1.39062  1
   700.00000    692.82032   5.60703   1.90558   3.70352  1   1.26115   0.83840   5.12389  1
   750.00000    692.82032   2.13053   0.96864   5.58082  1   3.77366   1.50032   5.68148  1
   800.00000    692.82032   2.22917   1.06138   0.78307  1   3.63667   1.83590   6.19692  1
   850.00000    692.82032   5.80836   2.35526   4.70269  1   2.67256   0.76109   3.21056  1
   900.00000    692.82032   0.00536   1.27971   0.72595  1   1.74621   0.86557   1.24316  1
   950.00000    692.82032   4.66042   2.01432   3.36448  1   3.26982   1.02049   2.78966  1
  1000.00000    692.82032   2.15688   1.77755   0.42460  1   0.43400   2.03791   6.07435  1
    25.00000    736.12159   2.94276   2.04131   2.53049  1   0.32202   1.70980   5.14810  1
    75.00000    736.12159   5.59823   1.97296   3.90550  1   3.24272   0.18129   2.90489  1
   125.00000    736.12159   5.60137   1.96188   3.91118  1   1.44357   1.53201   6.09432  1
   175.00000    736.12159   5.59228   1.96066   3.89832  1   1.44295   1.53462   6.09990  1
   225.00000    736.12159   3.67734   1.98064   5.89634  1   4.02294   2.21726   5.55350  1
   275.00000    736.12159   5.41338   1.92882   3.59407  1   3.64369   2.01615   5.85828  1
   325.00000    736.12159   5.40485   1.94132   3.58304  1   3.65962   2.01691   5.84793  1
   375.00000    736.12159   6.15172   2.39621   4.44779  1   4.56394   1.70193   2.80896  1
   425.00000    736.12159   5.69676   1.69197   4.06109  1   3.14008   0.49441   3.07516  1
   475.00000    736.12159   5.71177   1.69834   4.07635  1   1.51839   1.52950   5.78432  1
   525.00000    736.12159   0.15765   1.95124   4.23847  1   2.51856   1.48513   2.15580  1
   575.00000    736.12159   5.62990   2.93438   2.82187  1   2.46238   1.53542   1.90041  1
   625.00000    736.12159   5.27190   1.54018   4.05075  1   4.36959   2.49714   0.02351  1
   675.00000    736.12159   5.20135   2.08743   0.47134  1   3.34152   1.94483   5.71488  1
   725.00000    736.12159   6.27541   0.37290   4.55283  1   5.72651   1.79891   0.88519  1
   775.00000    736.12159   1.95023   1.30687   1.33758  1   6.20561   2.02941   4.15803  1
   825.00000    736.12159   1.14596   1.59860   0.80434  1   5.84166   2.37998   4.73202  1
   875.00000    736.12159   3.74970   2.49373   1.92237  1   0.19695   2.13725   4.49903  1
   925.00000    736.12159   4.86382   2.69673   4.03852  1   0.75347   1.91330   5.92557  1
   975.00000    736.12159   5.96099   2.40285   6.22421  1   3.38799   2.30984   6.17517  1
     0.00000    779.42286   4.46243   0.03719   1.84018  1   0.61699   1.01781   0.64471  1
    50.00000    779.42286   5.53156   1.91458   3.97796  1   3.18971   0.26754   2.86915  1
   100.00000    779.42286   5.58752   1.95920   3.88931  1   1.43728   1.54499   6.10491  1
   150.00000    779.42286   5.59612   1.95709   3.91021  1   1.44004   1.53165   6.09022  1
   200.00000    779.42286   5.35821   1.13074   4.54579  1   5.59915   1.95155   5.46884  1
   250.00000    779.42286   4.57182   2.43639   2.38430  1   6.02815   1.66790   4.01255  1
   300.00000    779.42286   3.68348   1.98074   5.89669  1   5.15459   1.57286   3.96643  1
   350.00000    779.42286   5.00890   2.67451   5.51427  1   1.55284   0.83543   6.17240  1
   400.00000    779.42286   5.70158   1.68995   4.07465  1   0.17377   0.82602   5.81493  1
   450.00000    779.42286   2.55957   1.48035   2.20324  1   3.90255   2.48670   1.33466  1
   500.00000    779.42286   5.12212   2.01366   3.72235  1   0.14546   1.02788   3.66528  1
   550.00000    779.42286   1.63034   0.69334   5.70605  1   3.37644   1.44570   5.38741  1
   600.00000    779.42286   4.69739   1.62791   5.82952  1   3.04049   0.77398   0.50010  1
   650.00000    779.42286   5.19309   2.10067   0.46982  1   0.03502   2.11737   3.68533  1
   700.00000    779.42286   2.11716   0.66665   3.13877  1   5.31547   2.47701   3.20537  1
   750.00000    779.42286   6.21944   2.05025   3.61926  1   2.14839   2.46003   5.54282  1
   800.00000    779.42286   5.67261   2.33092   2.89307  1   5.99428   0.79079   1.35604  1
   850.00000    779.42286   2.26160   1.48291   3.77449  1   3.26191   0.88714   6.17817  1
   900.00000    779.42286   4.39649   1.77297   3.73045  1   4.06268   1.88200   3.17066  1
   950.00000    779.42286   2.24216   1.90678   0.71657  1   5.35323   1.25025   0.82593  1
  1000.00000    779.42286   0.21983   2.56763   4.55815  1   1.57619   2.01788   3.66996  1
    25.00000    822.72413   5.53113   1.93233   3.98091  1   1.35273   1.48938   6.04110  1
    75.00000    822.72413   1.66037   0.50949   4.97015  1   2.76173   1.82835   5.15895  1
   125.00000    822.72413   5.59811   1.94861   3.90046  1   3.15300   0.19067   2.99572  1
   175.00000    822.72413   5.60264   1.95149   3.90097  1   3.15832   0.18865   2.99571  1
   225.00000    822.72413   0.46665   2.04123   4.13819  1   1.41283   1.14044   0.45807  1
   275.00000    822.72413   1.43257   0.71310   0.75233  1   2.97171   1.59148   5.41668  1
   325.00000    822.72413   4.48725   0.54177   2.29941  1   5.26698   1.94885   3.48291  1
   375.00000    822.72413   1.93525   0.65699   4.41097  1   3.42670   2.68291   5.71281  1
   425.00000    822.72413   1.96245   0.66376   4.38496  1   2.52647   2.15859   5.04004  1
   475.00000    822.72413   0.43664   2.51055   4.24868  1   4.08990   1.63165   3.06378  1
   525.00000    822.72413   2.74496   1.91139   2.19013  1   3.36623   1.42023   5.38789  1
   575.00000    822.72413   1.61592   0.70871   5.72584  1   3.35884   1.41880   5.40378  1
   625.00000    822.72413   3.36707   1.79002   0.75185  1   2.23316   1.16018   0.81702  1
   675.00000    822.72413   1.43106   1.67645   0.37196  1   3.25698   2.72149   1.87892  1
   725.00000    822.72413   5.32995   2.51284   0.04926  1   2.60405   0.16290   3.84629  1
   775.00000    822.72413   4.62145   2.43187   5.21528  1   0.11978   1.74908   0.88389  1
   825.00000    822.72413   6.00202   0.80200   1.33066  1   0.89667   1.59411   4.21766  1
   875.00000    822.72413   1.63791   0.95754   0.06102  1   3.23542   1.50160   5.64052  1
   925.00000    822.72413   5.55583   1.70005   4.20622  1   3.17487   0.58195   2.84061  1
   975.00000    822.72413   2.59462   0.85448   1.07948  1   3.11664   2.92311   6.11164  1
     0.00000    866.02540   3.63734   0.62192   2.27100  1   3.58452   0.55838   5.46127  1
    50.00000    866.02540   0.86560   0.77201   6.03835  1   4.41348   1.84921   5.17613  1
   100.00000    866.02540   1.64924   0.51907   4.97379  1   0.28668   1.76099   4.19610  1
   150.00000    866.02540   5.22018   2.18552   0.36133  1   5.17461   2.13481   1.90379  1
   200.00000    866.02540   3.95077   0.47000   3.02010  1   1.27935   1.98852   5.96888  1
   250.00000    866.02540   5.92241   2.20701   3.63416  1   0.43931   0.15473   6.16217  1
   300.00000    866.02540   1.64591   1.61464   6.20294  1   5.74663   2.00491   3.76641  1
   350.00000    866.02540   1.94592   0.67645   4.40124  1   0.10312   1.42203   4.02349  1
   400.00000    866.02540   5.53196   0.23279   1.70102  1   2.41236   1.81169   5.86768  1
   450.00000    866.02540   5.09346   2.48127   0.31832  1   5.65744   0.98972   1.23916  1
   500.00000    866.02540   5.36175   2.43360   5.41194  1   5.33790   2.39419   2.24025  1
   550.00000    866.02540   0.97323   2.13019   4.31801  1   0.24717   1.71288   0.91560  1
   600.00000    866.02540   6.13249   2.39592   4.19752  1   1.94416   2.68049   4.90616  1
   650.00000    866.02540   6.13624   2.40091   4.15474  1   6.14538   2.37810   2.64491  1
   700.00000    866.02540   2.59416   2.51097   1.82435  1   5.18057   2.44569   3.99408  1
   750.00000    866.02540   1.47344   0.67070   5.77101  1   4.79002   1.68072   2.94439  1
   800.00000    866.02540   4.27587   2.35178   0.39978  1   1.62932   1.50414   0.02175  1
   850.00000    866.02540   4.05691   1.21078   5.36697  1   0.88448   1.94846   0.93683  1
   900.00000    866.02540   5.52032   1.61409   5.85895  1   2.77596   1.48727   6.19111  1
   950.00000    866.02540   0.65783   0.72086   5.09278  1   1.12357   2.33805   0.35454  1
  1000.00000    866.02540   2.65807   1.70386   0.81785  1   3.21057   1.12736   5.44485  1
    25.00000    909.32667   0.86042   0.77716   6.04604  1   2.50030   1.41744   2.80432  1
    75.00000    909.32667   0.88960   0.80277   6.00836  1   2.50245   1.41873   2.80440  1
   125.00000    909.32667   4.34289   1.89453   5.37237  1   0.98134   1.47253   0.37725  1
   175.00000    909.32667   2.28812   1.49832   1.09957  1   3.94504   1.56187   2.71109  1
   225.00000    909.32667   4.52131   2.64593   1.39206  1   6.22460   1.70485   4.22111  1
   275.00000    909.32667   5.93056   2.20887   3.63971  1   3.10905   2.12729   5.76049  1
   325.00000    909.32667   2.61518   0.82295   1.22178  1   3.39229   1.25815   0.02998  1
   375.00000    909.32667   5.19997   1.68717   4.13274  1   2.72548   0.53950   2.97025  1
   425.00000    909.32667   5.20105   1.69642   4.14833  1   4.78775   1.54495   4.56171  1
   475.00000    909.32667   5.76261   2.01651   3.77022  1   2.79186   0.07588   3.58127  1
   525.00000    909.32667   3.30961   1.34537   6.19503  1   2.63394   0.81664   1.04154  1
   575.00000    909.32667   2.47542   1.06018   2.43879  1   4.62371   1.62754   4.75951  1
   625.00000    909.32667   0.94284   2.13833   4.31325  1   0.22252   1.70839   0.90803  1
   675.00000    909.32667   2.81265   1.07981   0.98554  1   3.67401   2.30176   3.42255  1
   725.00000    909.32667   3.21363   0.27624   3.13155  1   2.07523   1.59368   0.17218  1
   775.00000    909.32667   0.89289   1.92272   4.03629  1   2.05824   0.74040   2.06465  1
   825.00000    909.32667   0.89390   1.90263   4.04117  1   5.30058   1.93514   3.07611  1
   875.00000    909.32667   0.86983   1.92528   4.02495  1   4.97516   1.59627   1.74424  1
   925.00000    909.32667   5.67235   1.81332   4.03218  1   1.48291   1.50512   5.91046  1
   975.00000    909.32667   3.02607   0.15810   3.40252  1   3.98064   2.19317   5.81904  1
     0.00000    952.62794   0.54450   2.29228   4.50746  1   2.49920   1.40959   2.79576  1
    50.00000    952.62794   0.87042   0.77890   6.04127  1   2.49511   1.40908   2.80895  1
   100.00000    952.62794   2.18402   2.95840   0.69953  1   5.73215   0.15919   3.59675  1
   150.00000    952.62794   0.85369   2.64565   4.87933  1   0.52012   2.99254   4.05057  1
   200.00000    952.62794   4.56055   2.65011   1.44222  1   0.69925   1.94953   5.96871  1
   250.00000    952.62794   4.55632   2.66191   4.57111  1   0.70572   1.93663   5.98088  1
   300.00000    952.62794   1.44098   1.58261   6.01541  1   2.45748   1.28128   0.81143  1
   350.00000    952.62794   2.74948   0.40488   3.18583  1   4.00578   1.80126   5.53308  1
   400.00000    952.62794   5.89712   2.79692   4.68865  1   1.59652   1.61717   0.17133  1
   450.00000    952.62794   1.34287   1.61438   5.89521  1   5.92906   2.44125   3.32354  1
   500.00000    952.62794   6.22930   0.22617   0.19133  1   1.71704   1.48442   0.17119  1
   550.00000    952.62794   2.79165   0.67079   1.15600  1   5.09005   1.68776   4.31757  1
   600.00000    952.62794   4.56047   1.83296   3.11783  1   4.07612   1.90709   0.21753  1
   650.00000    952.62794   2.60511   0.98544   3.03893  1   5.49264   0.60372   1.78986  1
   700.00000    952.62794   2.83013   1.03952   0.93924  1   3.44019   1.56909   6.27010  1
   750.00000    952.62794   2.90777   0.52413   2.76967  1   5.21789   1.76977   4.19464  1
   800.00000    952.62794   5.21176   2.39571   5.77609  1   5.29401   1.92428   3.07569  1
   850.00000    952.62794   5.19777   2.39903   5.76457  1   1.85602   1.52009   6.10899  1
   900.00000    952.62794   4.37699   2.81770   0.49464  1   0.68167   1.90949   6.13975  1
   950.00000    952.62794   5.99580   2.16198   3.66843  1   0.57669   0.10467   6.08189  1
  1000.00000    952.62794   3.28307   1.73624   0.04355  1   0.63534   0.52639   0.16241  1
    25.00000    995.92921   2.18342   2.95724   5.41752  1   0.99291   1.41665   4.52277  1
    75.00000    995.92921   4.61406   1.69054   4.59103  1   1.00310   1.41796   4.51506  1
   125.00000    995.92921   2.47270   1.05558   0.72674  1   2.60536   0.69195   3.43398  1
   175.00000    995.92921   4.55078   2.66060   4.56378  1   3.51384   1.41664   6.24370  1
   225.00000    995.92921   6.27426   0.35650   4.99835  1   4.56546   2.66948   4.58755  1
   275.00000    995.92921   2.42547   2.46230   5.01098  1   3.56021   1.71189   6.11427  1
   325.00000    995.92921   4.78839   2.13313   4.47289  1   5.67008   1.61163   4.09790  1
   375.00000    995.92921   5.01139   1.66925   4.05702  1   5.42321   1.36618   2.08840  1
   425.00000    995.92921   5.00060   1.66572   4.04015  1   2.36954   0.50109   1.58557  1
   475.00000    995.92921   2.86792   0.74173   3.97896  1   2.66745   1.89627   6.06839  1
   525.00000    995.92921   0.90940   1.89112   4.07527  1   3.74748   1.51497   5.88981  1
   575.00000    995.92921   2.45328   1.44781   2.68273  1   5.30608   1.42386   0.93050  1
   625.00000    995.92921   2.45970   1.45272   2.66983  1   0.84551   0.65052   5.99238  1
   675.00000    995.92921   5.82152   1.61439   4.90051  1   2.18915   1.53908   5.83348  1
   725.00000    995.92921   5.10434   1.42145   5.36461  1   0.81698   1.26051   4.70653  1
   775.00000    995.92921   4.75474   1.69453   4.60769  1   6.12645   2.61609   3.65703  1
   825.00000    995.92921   5.19569   2.38802   5.77681  1   3.56064   0.18111   6.13182  1
   875.00000    995.92921   4.58807   1.58416   5.64350  1   2.51398   1.38910   1.79417  1
   925.00000    995.92921   2.35080   1.71197   0.30132  1   1.64033   0.68449   4.93062  1
   975.00000    995.92921   4.11228   2.00922   5.60962  1   1.95230   1.58342   0.10054  1
