     0.00000      0.00000   1.75415   1.50196   0.05165  1   5.10817   1.78417   3.95186  1
    50.00000      0.00000   0.20672   0.77223   4.99461  1   3.56286   1.98499   0.96008  1
   100.00000      0.00000   4.97640   1.76410   4.07505  1   1.36410   0.90012   3.98642  1
   150.00000      0.00000   2.31279   1.67636   1.00218  1   6.01752   0.77604   1.23592  1
   200.00000      0.00000   2.32360   1.66087   4.15373  1   3.01299   2.80821   6.23215  1
   250.00000      0.00000   0.95727   2.87385   4.37838  1   2.41419   2.78685   0.61758  1
   300.00000      0.00000   4.03012   1.06053   5.72474  1   6.20120   2.64838   3.88353  1
   350.00000      0.00000   0.70226   1.00653   4.98358  1   0.26546   1.08765   4.72310  1
   400.00000      0.00000   1.93832   1.08775   5.03019  1   1.81809   1.91939   0.96722  1
   450.00000      0.00000   2.50378   1.78420   2.69209  1   2.29735   0.09272   2.06785  1
   500.00000      0.00000   5.43291   1.46352   3.88856  1   1.47604   1.42833   0.20270  1
   550.00000      0.00000   2.75142   0.54384   3.65708  1   0.33703   1.47143   0.79620  1
   600.00000      0.00000   4.65580   1.61799   3.15749  1   4.43500   2.70813   5.78913  1
   650.00000      0.00000   0.49452   1.53324   0.90116  1   1.15500   1.98837   4.17118  1
   700.00000      0.00000   0.49189   1.55183   0.91468  1   0.52144   1.51935   4.06125  1
   750.00000      0.00000   2.81403   1.49595   2.67999  1   3.24940   0.81073   5.63746  1
   800.00000      0.00000   5.11864   1.58022   4.14540  1   1.47519   0.92166   0.74101  1
   850.00000      0.00000   5.04556   1.66013   3.91635  1   0.39592   2.39526   0.07359  1
   900.00000      0.00000   5.04275   1.64937   3.93901  1   2.83362   0.78000   0.01480  1
   950.00000      0.00000   0.47931   2.55161   4.15802  1   4.35782   1.22985   5.70245  1
  1000.00000      0.00000   5.01346   1.53959   4.29084  1   1.06068   2.65074   4.60302  1
    25.00000     43.30127   3.80302   1.41330   6.02101  1   5.78811   1.97403   5.84411  1
    75.00000     43.30127   5.86321   0.30119   1.07138  1   4.33944   0.31515   3.66616  1
   125.00000     43.30127   2.05641   0.11710   4.04282  1  12.56637  12.56637  12.56637  0
   175.00000     43.30127   4.50964   1.51488   3.19575  1   0.19859   2.27473   4.15547  1
   225.00000     43.30127   5.30590   1.80990   3.90775  1   1.29380   1.17682   0.43998  1
   275.00000     43.30127   2.18568   2.14602   4.96629  1   6.10845   1.33457   0.99372  1
   325.00000     43.30127   4.68226   1.84449   5.70450  1   5.39476   1.39470   4.82584  1
   375.00000     43.30127   3.67565   0.52746   5.16233  1   0.06540   0.74389   1.03105  1
   425.00000     43.30127   0.53956   2.61716   4.25979  1   4.79737   1.43026   6.00056  1
   475.00000     43.30127   0.06775   0.82771   1.00122  1   1.50864   1.58041   5.90182  1
   525.00000     43.30127   5.44619   1.45405   3.88862  1   5.98830   2.03779   3.98756  1
   575.00000     43.30127   5.42677   1.44973   3.88329  1   3.99716   1.85884   1.31515  1
   625.00000     43.30127   1.79298   1.64132   5.89904  1   5.83134   0.76434   4.11097  1
   675.00000     43.30127   2.61077   1.75705   2.78562  1   5.45218   1.61288   4.02766  1
   725.00000     43.30127   5.36090   1.69014   3.98271  1   0.30103   1.55859   0.92009  1
   775.00000     43.30127   5.11410   1.58594   4.13758  1   0.75215   1.33042   5.46476  1
   825.00000     43.30127   5.10916   1.59394   4.12653  1   2.58024   0.92153   0.22705  1
   875.00000     43.30127   0.39619   2.70089   3.95050  1   2.28082   0.48356   1.67077  1
   925.00000     43.30127   0.40224   2.70653   3.95106  1   0.37837   0.79495   0.79732  1
   975.00000     43.30127   6.00564   1.56701   4.20135  1   3.17066   1.89653   1.00996  1
     0.00000     86.60254   4.77723   2.02040   0.06389  1   5.89442   0.82673   0.62479  1
    50.00000     86.60254   4.80962   2.02683   0.08574  1   5.90808   0.81173   0.63773  1
   100.00000     86.60254   1.50853   1.76210   0.53025  1   5.62557   0.46975   3.14188  1
   150.00000     86.60254   5.29033   1.75839   3.91366  1   2.47388   1.57240   6.00572  1
   200.00000     86.60254   0.85535   2.31941   0.40147  1   3.21305   2.79103   1.36450  1
   250.00000     86.60254   5.31008   1.80733   3.91045  1   3.38721   0.65342   2.79598  1
   300.00000     86.60254   1.60489   1.53233   0.01578  1   3.92365   1.82282   2.84916  1
   350.00000     86.60254   4.80331   0.03117   6.23195  1   1.85839   2.72847   6.03774  1
   400.00000     86.60254   0.57260   2.61337   4.28690  1   0.06259   0.74487   1.04787  1
   450.00000     86.60254   0.54308   2.62179   4.27087  1   4.37137   1.22097   5.60511  1
   500.00000     86.60254   1.99279   1.79315   1.03102  1   4.76394   1.66554   2.51240  1
   550.00000     86.60254   0.54723   1.06234   1.28204  1   1.88423   2.65296   5.04814  1
   600.00000     86.60254   5.30075   1.08311   5.20730  1   3.29381   1.48834   2.91235  1
   650.00000     86.60254   0.61914   2.69845   4.24003  1   4.48643   1.14373   5.57317  1
   700.00000     86.60254   0.55656   2.73245   4.18769  1   3.87233   0.83374   4.64798  1
   750.00000     86.60254   0.56888   2.72715   4.19675  1   4.86246   3.00286   0.39970  1
   800.00000     86.60254   5.11437   1.60796   4.15081  1   2.25440   1.79252   5.81626  1
   850.00000     86.60254   3.68890   1.86933   3.64421  1   4.54567   1.73479   2.93168  1
   900.00000     86.60254   1.58239   0.41405   3.00966  1   0.62320   1.81512   1.23973  1
   950.00000     86.60254   5.95863   2.39336   3.54353  1   2.46875   1.90395   0.79254  1
  1000.00000     86.60254   2.87223   0.75165   1.12188  1   0.07548   1.20833   0.53788  1
    25.00000    129.90381   4.98871   2.47544   5.39113  1   0.36495   1.62816   0.90415  1
    75.00000    129.90381   5.78093   2.41032   2.23253  1   3.91964   1.77400   2.56990  1
   125.00000    129.90381   0.61813   1.69450   0.90781  1   6.26860   1.21189   0.99987  1
   175.00000    129.90381   4.28504   1.44949   4.18960  1   0.53967   2.33692   4.31222  1
   225.00000    129.90381   2.15516   1.33751   0.80837  1   0.26114   1.67314   1.00793  1
   275.00000    129.90381   5.40321   1.67963   3.64046  1   1.42344   1.46010   0.52088  1
   325.00000    129.90381   0.49427   1.45730   0.53592  1   0.33702   1.34568   1.42132  1
   375.00000    129.90381   3.03559   1.70577   0.80936  1   3.72350   0.80116   2.49776  1
   425.00000    129.90381   0.50074   1.27232   5.71257  1   2.31561   2.93980   5.67107  1
   475.00000    129.90381   1.37755   0.96374   5.96640  1   3.21910   1.18505   5.62602  1
   525.00000    129.90381   3.16470   1.35612   1.05517  1   1.95569   2.54746   5.14515  1
   575.00000    129.90381   1.49679   0.66004   6.02791  1   3.50162   1.25937   5.30468  1
   625.00000    129.90381   1.50257   0.64996   6.00583  1   3.49103   1.27593   5.29852  1
   675.00000    129.90381   2.62419   1.76750   2.76619  1   0.22748   0.82994   0.93779  1
   725.00000    129.90381   2.60321   1.76754   2.75375  1   2.26440   0.39023   1.63408  1
   775.00000    129.90381   1.34468   1.51344   0.07109  1   2.94422   1.54351   6.21255  1
   825.00000    129.90381   5.34642   1.59141   3.72261  1   0.74830   1.45761   0.40706  1
   875.00000    129.90381   2.93175   2.40707   5.67370  1   0.03842   2.38161   3.73696  1
   925.00000    129.90381   4.77629   1.01880   4.71988  1   1.79366   2.54207   0.57818  1
   975.00000    129.90381   1.55219   1.25047   5.71460  1   1.40089   1.52079   6.06220  1
     0.00000    173.20508   4.48005   1.60370   6.24266  1   4.34926   2.07407   3.33487  1
    50.00000    173.20508   5.36614   1.37759   4.02632  1   0.11584   2.62040   3.74032  1
   100.00000    173.20508   4.86965   2.26455   0.13731  1   5.74356   0.90577   0.93980  1
   150.00000    173.20508   2.68804   0.77691   0.93687  1   3.98120   1.76554   2.62155  1
   200.00000    173.20508   2.74450   0.59659   4.00779  1   4.05102   2.31501   0.36878  1
   250.00000    173.20508   1.55703   0.98100   5.80172  1   3.29749   1.31986   5.67449  1
   300.00000    173.20508   5.55584   1.61826   3.87370  1   4.31637   1.55511   5.42681  1
   350.00000    173.20508   2.60569   2.71314   5.69942  1   0.78168   2.97476   5.86372  1
   400.00000    173.20508   3.36728   2.49549   1.96475  1   4.99257   1.69301   2.12616  1
   450.00000    173.20508   2.90224   0.81089   1.03937  1   3.16843   2.01139   5.69531  1
   500.00000    173.20508   2.89601   0.81792   1.03704  1   4.14573   0.73313   2.28754  1
   600.00000    173.20508   4.70974   1.51076   3.03249  1   0.76094   0.09473   3.97989  1
   650.00000    173.20508   5.17057   1.66258   4.13614  1   2.88076   1.42816   1.11589  1
   700.00000    173.20508   2.70544   1.45545   0.94193  1   3.27347   0.84595   5.41680  1
   750.00000    173.20508   2.70159   1.46542   0.95077  1   3.26371   0.86127   5.42309  1
   800.00000    173.20508   5.35701   1.58248   3.73024  1   2.57916   1.67590   6.21546  1
   850.00000    173.20508   2.20062   1.54835   0.99460  1   2.99207   1.17632   3.01496  1
   900.00000    173.20508   1.64402   0.53742   1.56471  1   2.49723   1.94356   5.10489  1
   950.00000    173.20508   4.83657   2.64659   3.19745  1   5.62933   1.19345   1.20302  1
  1000.00000    173.20508   2.88397   0.75334   1.12340  1   2.23422   3.09320   5.23918  1
    25.00000    216.50635   6.07245   0.50657   2.57676  1   0.18946   1.30064   1.37101  1
    75.00000    216.50635   0.23319   0.02067   1.33320  1   3.00182   3.09562   1.45380  1
   125.00000    216.50635   4.58575   1.72125   4.65089  1   4.04911   2.75414   5.46550  1
   175.00000    216.50635   2.68413   0.76368   0.94146  1   6.24428   2.73509   5.23917  1
   225.00000    216.50635   2.68321   0.80149   0.96480  1   2.31950   1.14992   3.89320  1
   275.00000    216.50635   3.00312   0.51014   3.11578  1   5.40663   3.01914   3.56918  1
   325.00000    216.50635   2.58468   2.66840   5.67117  1   6.04283   2.76164   5.36241  1
   375.00000    216.50635   3.36275   2.82386   2.19224  1   4.36056   1.40374   6.04470  1
   425.00000    216.50635   0.51757   2.67640   4.06388  1   2.33934   1.60113   0.66596  1
   475.00000    216.50635   4.07610   1.87320   3.89208  1   0.25835   2.14665   0.42079  1
   525.00000    216.50635   1.74571   1.50478   0.04024  1   1.93269   0.41203   2.69373  1
   575.00000    216.50635   5.22428   1.58268   3.75031  1   5.65378   0.39762   1.90031  1
   625.00000    216.50635   5.23321   1.58885   3.73686  1   1.26521   1.45181   0.38051  1
   675.00000    216.50635   6.02381   0.67188   0.83573  1   6.09137   2.58435   3.96573  1
   725.00000    216.50635   4.99079   1.77341   4.23770  1   1.90121   1.37508   0.42028  1
   775.00000    216.50635   5.02097   2.53368   5.21661  1   0.54771   1.72604   0.98768  1
   825.00000    216.50635   5.34152   1.59818   3.72510  1   2.69372   1.72885   2.96189  1
   875.00000    216.50635   1.18758   0.33680   3.62219  1   5.59809   1.47807   4.40743  1
   925.00000    216.50635   4.31473   1.12317   5.48752  1   0.49044   2.76460   4.32989  1
   975.00000    216.50635   3.26348   0.25863   2.85162  1   2.92681   0.66375   4.27823  1
     0.00000    259.80762   2.16679   1.99783   0.90413  1   4.01478   1.33146   5.87088  1
    50.00000    259.80762   4.75356   2.10046   6.08058  1   6.00587   1.07190   0.61564  1
   100.00000    259.80762   5.47456   1.90970   3.90360  1   3.25111   1.10218   2.63057  1
   150.00000    259.80762   4.51092   1.57256   4.13548  1   0.87428   2.25863   4.47021  1
   200.00000    259.80762   5.84479   2.41560   2.24495  1   5.14133   1.41988   4.71805  1
   250.00000    259.80762   4.96588   2.46689   5.32982  1   0.38820   1.66113   0.90905  1
   300.00000    259.80762   2.25767   0.78061   1.14642  1   2.80593   2.04895   6.04376  1
   350.00000    259.80762   1.22185   1.74567   0.27767  1   1.23503   1.76784   0.25286  1
   400.00000    259.80762   3.32814   2.82992   2.14528  1   0.94861   0.67578   3.82896  1
   450.00000    259.80762   0.50390   2.67392   4.05237  1   6.14038   2.33311   0.75337  1
   500.00000    259.80762   5.58298   2.33274   0.40846  1   2.67837   1.16636   2.94055  1
   550.00000    259.80762   3.65624   0.61627   4.71446  1   5.99717   2.43124   6.02042  1
   600.00000    259.80762   0.87482   1.77106   0.85525  1   2.35393   0.82279   3.40679  1
   650.00000    259.80762   4.16413   2.74789   5.72244  1   1.45182   1.13635   0.22928  1
   700.00000    259.80762   2.38703   0.86235   3.13223  1   3.09496   2.42128   0.13855  1
   750.00000    259.80762   1.75810   2.47894   4.72618  1   5.91866   0.98325   0.82397  1
   800.00000    259.80762   1.40575   0.73595   6.27871  1   3.60996   1.07712   5.28277  1
   850.00000    259.80762   5.20120   1.10378   4.52073  1   2.84119   1.75721   5.15977  1
   900.00000    259.80762   0.70509   1.38673   0.64132  1   0.45225   2.59665   5.23815  1
   950.00000    259.80762   5.12421   1.25340   0.36799  1   2.08868   1.41399   0.01690  1
  1000.00000    259.80762   6.25281   2.79027   3.30343  1   3.22801   0.34004   2.83026  1
    25.00000    303.10889   2.29355   1.68266   4.04764  1   2.98042   0.81322   0.35619  1
    75.00000    303.10889   1.00570   2.08854   6.08914  1   5.99195   1.72537   0.75340  1
   125.00000    303.10889   4.46736   1.64011   4.10899  1   4.85939   1.96547   2.25500  1
   175.00000    303.10889   4.97155   2.24746   0.22875  1   5.75596   0.84279   0.98828  1
   225.00000    303.10889   5.85460   1.93578   3.88469  1   2.19268   1.79724   0.87454  1
   275.00000    303.10889   4.43400   1.93929   5.31375  1   1.02160   0.55294   4.29227  1
   325.00000    303.10889   5.69307   1.86617   4.00982  1   2.13667   0.49238   4.78950  1
   375.00000    303.10889   3.08255   2.84966   1.91242  1   0.13417   2.58157   4.32277  1
   425.00000    303.10889   0.46456   2.69030   4.01168  1   5.11971   2.94205   3.75040  1
   475.00000    303.10889   5.14451   1.78814   3.97532  1   1.31132   0.84404   5.78545  1
   525.00000    303.10889   0.19090   0.70225   0.63263  1   0.25117   0.67064   0.58911  1
   575.00000    303.10889   4.69303   2.27609   5.95670  1   5.95402   1.22305   0.75665  1
   625.00000    303.10889   0.53194   1.01434   4.72528  1   1.17687   1.76180   5.14460  1
   675.00000    303.10889   4.17938   2.75471   5.72304  1   5.17687   1.44767   5.54536  1
   725.00000    303.10889   2.38918   0.85837   3.13298  1   3.14774   1.85787   6.07846  1
   775.00000    303.10889   5.04024   1.51569   3.98445  1   2.72735   1.41611   2.87840  1
   825.00000    303.10889   4.04554   3.06729   0.02996  1   6.00155   2.31901   4.15284  1
   875.00000    303.10889   3.52015   0.59218   2.68694  1   4.25620   0.14398   5.49833  1
   925.00000    303.10889   5.05824   1.47312   4.13511  1   3.85143   1.74878   5.64143  1
   975.00000    303.10889   5.35744   1.70346   4.11284  1   0.28176   1.43835   0.97640  1
     0.00000    346.41016   2.28881   1.69310   0.91521  1   4.19107   1.41639   5.56873  1
    50.00000    346.41016   0.06445   2.12894   0.25554  1   1.10955   1.03641   0.44425  1
   100.00000    346.41016   1.86944   1.64877   0.99366  1   1.84895   1.64164   1.01918  1
   150.00000    346.41016   2.71803   2.38076   5.38933  1   0.18290   1.35782   0.57508  1
   200.00000    346.41016   5.34263   1.75431   3.79868  1   6.19029   2.03038   0.30393  1
   250.00000    346.41016   4.73599   2.43881   5.21904  1   0.30060   1.69395   0.90574  1
   300.00000    346.41016   5.78547   2.05839   4.33592  1   3.93359   2.22527   3.80753  1
   350.00000    346.41016   0.17455   0.65885   1.02870  1   4.23678   1.70021   2.94424  1
   400.00000    346.41016   0.03743   0.61062   0.67622  1   2.22267   2.05689   1.15617  1
   450.00000    346.41016   4.44714   2.26333   5.95110  1   5.71723   1.22550   0.73892  1
   500.00000    346.41016   3.04062   0.57887   0.97474  1   4.07171   1.03338   5.86067  1
   550.00000    346.41016   5.39511   2.00181   4.08609  1   0.33676   1.38250   1.42993  1
   600.00000    346.41016   0.21089   1.21643   0.96560  1   1.73588   2.98350   5.39638  1
   650.00000    346.41016   3.23222   0.78915   3.39254  1   4.34617   1.34825   4.07335  1
   700.00000    346.41016   4.23327   2.75462   5.79765  1   0.01539   1.71863   4.39248  1
   750.00000    346.41016   5.04675   1.51236   3.98480  1   2.73971   1.41965   2.88232  1
   800.00000    346.41016   5.05281   1.51808   3.97643  1   2.74086   1.40463   2.88263  1
   850.00000    346.41016   2.21564   0.87970   3.15426  1   1.34900   0.80717   6.15329  1
   900.00000    346.41016   4.73050   1.82183   4.51049  1   3.82241   2.74818   5.02818  1
   950.00000    346.41016   5.51521   1.51096   3.92331  1   0.81625   0.82936   4.63277  1
  1000.00000    346.41016   5.54142   1.51427   3.94418  1   0.34248   2.80870   5.43953  1
    25.00000    389.71143   4.82546   1.58035   5.38754  1   3.27563   0.70743   4.71909  1
    75.00000    389.71143   1.59035   0.89528   5.66883  1   3.26818   1.43823   5.59857  1
   125.00000    389.71143   2.47260   1.79520   0.86452  1   2.45902   1.76630   5.56401  1
   175.00000    389.71143   1.74579   0.67540   0.94345  1   3.44028   1.46818   5.38055  1
   225.00000    389.71143   1.71794   0.70442   5.67067  1   3.42329   1.45930   5.40772  1
   275.00000    389.71143   4.38354   1.23456   5.78404  1   5.27005   1.86889   1.37165  1
   325.00000    389.71143   4.40311   1.23568   5.73671  1   2.36385   1.23642   5.51308  1
   375.00000    389.71143   0.03963   0.59624   0.70787  1   1.23862   1.62732   4.99243  1
   425.00000    389.71143   2.22318   1.22729   2.03342  1   6.05197   0.88998   4.57420  1
   475.00000    389.71143   4.44390   2.22648   5.98822  1   5.69663   1.18886   0.71677  1
   525.00000    389.71143   1.43111   1.04009   0.04580  1   3.49876   0.87520   5.57168  1
   575.00000    389.71143   0.26259   1.20674   0.92749  1   0.28502   1.17629   4.06472  1
   625.00000    389.71143   4.69874   1.00479   5.17721  1   1.56306   2.98063   5.18576  1
   675.00000    389.71143   4.64873   2.43905   5.74796  1   6.02446   1.41267   0.88532  1
   725.00000    389.71143   1.93769   2.31772   4.83354  1   5.96515   1.14241   0.92766  1
   775.00000    389.71143   5.04573   1.51863   3.97751  1   2.73281   1.40317   2.88590  1
   825.00000    389.71143   5.03546   1.51135   3.97808  1   2.72807   1.41025   2.88293  1
   875.00000    389.71143   5.17021   2.43744   5.99729  1   0.06685   1.25494   0.93207  1
   925.00000    389.71143   1.69883   0.14268   6.01164  1   4.30062   2.01786   3.97408  1
   975.00000    389.71143   5.33431   1.77303   3.89071  1   3.04632   1.17894   1.18927  1
     0.00000    433.01270   1.60477   1.55137   0.03496  1   5.54170   1.25912   3.91773  1
    50.00000    433.01270   3.98911   1.74175   4.33518  1   6.26028   1.40369   1.19399  1
   100.00000    433.01270   2.46597   1.75738   0.86202  1   5.58090   1.40976   0.69365  1
   150.00000    433.01270   2.46898   1.70048   0.83549  1   6.15587   2.02644   3.97311  1
   200.00000    433.01270   1.44768   1.48814   0.43088  1   5.18109   2.18854   3.64443  1
   250.00000    433.01270   1.75372   0.70645   5.63846  1   3.43703   1.48905   5.41273  1
   300.00000    433.01270   5.94446   1.20234   0.96925  1   4.49805   1.86101   3.52466  1
   350.00000    433.01270   4.82612   1.22757   4.97032  1   5.38376   2.74176   5.26017  1
   400.00000    433.01270   4.82968   1.19294   4.99078  1   3.26777   2.68422   5.66782  1
   450.00000    433.01270   1.87612   1.64178   0.95340  1   4.65808   1.84398   2.52988  1
   500.00000    433.01270   3.79941   1.35255   5.51025  1   0.11505   1.20689   0.81272  1
   550.00000    433.01270   2.44855   1.94393   6.13849  1   1.95725   1.76787   5.62970  1
   600.00000    433.01270   0.04757   0.95404   0.81512  1   0.08676   2.86951   3.95660  1
   650.00000    433.01270   2.57854   2.24740   5.30666  1   1.49749   2.42561   4.51596  1
   700.00000    433.01270   1.21990   0.97861   5.31782  1   2.68491   1.71448   5.68409  1
   750.00000    433.01270   4.55862   1.81706   4.70072  1   3.97396   2.85461   5.43837  1
   800.00000    433.01270   0.66223   1.74393   0.88644  1   0.05085   1.22754   0.94176  1
   850.00000    433.01270   0.67169   1.73578   0.88004  1   0.06400   1.23061   0.94687  1
   900.00000    433.01270   0.67732   1.75698   0.89784  1   0.06553   1.24391   0.93821  1
   950.00000    433.01270   0.40388   0.86646   5.02607  1   4.36589   1.66937   2.68026  1
  1000.00000    433.01270   5.29624   1.75050   3.87136  1   5.54742   1.93784   1.11223  1
    25.00000    476.31397   0.81366   0.55003   4.14785  1   4.12590   1.65035   3.31118  1
    75.00000    476.31397   2.06462   2.91254   5.32712  1   3.92829   2.77399   5.30957  1
   125.00000    476.31397   0.76197   2.41164   4.52698  1   4.95885   0.65334   1.61957  1
   175.00000    476.31397   2.95429   1.52888   2.84054  1   4.92803   1.13292   5.27993  1
   225.00000    476.31397   1.88419   1.90926   0.87510  1   5.66964   0.52037   1.17205  1
   275.00000    476.31397   6.18664   2.41932   4.19344  1   3.97152   1.99976   2.43442  1
   325.00000    476.31397   1.52657   0.96455   5.59337  1   3.15237   1.49034   5.67952  1
   375.00000    476.31397   2.29920   0.89985   2.73977  1   4.21878   2.60804   1.92268  1
   425.00000    476.31397   5.73661   2.94037   3.55502  1   1.03213   1.47172   0.25772  1
   475.00000    476.31397   4.70353   1.59762   3.84403  1   5.61724   2.94680   3.44717  1
   525.00000    476.31397   0.96348   0.33720   2.90061  1   1.94259   1.69290   1.36627  1
   575.00000    476.31397   1.64855   0.71943   5.41194  1   3.15453   1.62849   5.43427  1
   625.00000    476.31397   3.72182   1.89720   6.15867  1   1.35992   1.59191   0.64132  1
   675.00000    476.31397   5.02171   2.38428   5.78904  1   0.09885   1.36425   0.83674  1
   725.00000    476.31397   1.45353   2.91746   4.74772  1   4.05033   2.83895   5.50382  1
   775.00000    476.31397   4.51067   0.24156   1.63769  1   2.06460   0.33752   2.27169  1
   825.00000    476.31397   0.67902   1.74638   0.90246  1   0.06419   1.25109   0.95808  1
   875.00000    476.31397   0.67669   1.75180   0.89733  1   0.06205   1.24878   0.94961  1
   925.00000    476.31397   1.77093   0.13859   4.35481  1   4.36677   3.04631   3.03173  1
   975.00000    476.31397   5.25444   1.74748   3.84232  1   1.26399   1.26328   0.43136  1
     0.00000    519.61524   1.91330   1.02153   5.74872  1   3.63030   1.35982   5.72500  1
    50.00000    519.61524   0.16547   0.86613   0.71094  1   6.21851   2.76852   3.72504  1
   100.00000    519.61524   0.16954   0.87210   0.70763  1   6.21190   2.77486   3.72081  1
   150.00000    519.61524   4.21696   0.12630   2.05567  1   2.54786   2.31638   1.84109  1
   200.00000    519.61524   3.96350   1.33921   5.43461  1   4.71173   0.91004   5.10028  1
   250.00000    519.61524   1.73975   0.71253   5.65100  1   3.43035   1.48271   5.42089  1
   300.00000    519.61524   1.91890   1.86818   0.90114  1   4.72481   1.63598   2.66296  1
   350.00000    519.61524   1.24125   1.61838   6.26658  1   0.09683   2.28883   4.16931  1
   400.00000    519.61524   2.89768   1.12239   1.24643  1   2.85775   1.10622   1.24899  1
   450.00000    519.61524   3.06863   1.14186   5.10148  1   0.36078   1.51748   0.55016  1
   500.00000    519.61524   1.13605   0.97434   0.03445  1   3.23666   0.91258   5.49893  1
   600.00000    519.61524   4.76335   1.94587   5.63913  1   5.20961   1.29089   5.65987  1
   650.00000    519.61524   1.57183   1.85874   0.61494  1   4.12231   2.20676   3.66004  1
   700.00000    519.61524   5.05259   2.38523   5.84541  1   0.08960   1.32873   0.84418  1
   750.00000    519.61524   1.92825   1.54034   0.99795  1   3.56767   0.60303   4.67180  1
   800.00000    519.61524   4.57281   1.78009   4.74143  1   4.60942   1.78399   3.21529  1
   850.00000    519.61524   5.71611   1.77103   3.81378  1   3.21420   0.80478   5.28573  1
   900.00000    519.61524   3.25927   1.45949   6.09740  1   4.10637   2.70300   5.31319  1
   950.00000    519.61524   5.54306   2.05844   3.87276  1   4.66105   1.62265   4.68368  1
  1000.00000    519.61524   2.89204   0.47660   2.92556  1   0.08537   0.98012   4.26807  1
    25.00000    562.91651   2.98957   0.78442   0.98602  1   5.99260   1.70654   4.53216  1
    75.00000    562.91651   5.10569   1.27955   4.54834  1   1.16538   1.56436   5.41213  1
   125.00000    562.91651   6.26069   2.76470   3.77298  1   4.22425   0.94465   5.64990  1
   175.00000    562.91651   4.75446   1.71407   3.20450  1   3.65975   1.21488   2.91719  1
   225.00000    562.91651   2.76501   0.68636   3.38974  1   4.91753   1.71778   3.55443  1
   275.00000    562.91651   4.55137   1.40565   0.66079  1   3.72733   1.61122   6.08146  1
   325.00000    562.91651   2.30282   0.86390   2.75294  1   1.24630   0.83719   3.48487  1
   375.00000    562.91651   4.37407   1.56445   4.77199  1   2.82444   1.67197   4.75454  1
   425.00000    562.91651   5.23318   1.51555   4.22555  1   0.17676   1.28049   0.84299  1
   475.00000    562.91651   3.32130   2.50412   1.21330  1   2.32850   1.61387   5.81825  1
   525.00000    562.91651   0.14833   1.67466   0.15830  1   5.28873   2.48794   4.21155  1
   575.00000    562.91651   2.59585   2.36731   5.56309  1   1.35654   0.87759   4.20399  1
   625.00000    562.91651   4.75081   2.04528   5.72041  1   3.40823   1.04454   2.59047  1
   675.00000    562.91651   5.08848   2.43503   2.74009  1   0.08330   1.31997   0.91331  1
   725.00000    562.91651   5.10409   2.41653   5.87921  1   0.10825   1.31437   0.88729  1
   775.00000    562.91651   1.95001   1.56375   0.99910  1   3.50044   2.11977   1.58114  1
   825.00000    562.91651   4.11665   0.74423   2.19198  1   4.71727   2.43297   6.20200  1
   875.00000    562.91651   2.35093   2.41208   5.03414  1   0.02956   1.17969   0.74985  1
   925.00000    562.91651   2.50569   1.01945   2.30655  1   2.72818   1.84448   2.92836  1
   975.00000    562.91651   1.80685   1.75138   5.92015  1   3.42226   1.90888   1.78991  1
     0.00000    606.21778   4.82630   1.91811   5.65523  1   3.53982   1.03813   2.72091  1
    50.00000    606.21778   1.13769   0.87731   0.10092  1   3.36620   0.92681   5.36337  1
   100.00000    606.21778   5.08675   1.83568   4.33755  1   3.65264   1.23863   2.87763  1
   150.00000    606.21778   5.73504   1.64730   3.74051  1   6.19575   0.93278   1.40878  1
   200.00000    606.21778   2.83073   0.68796   3.34179  1   2.82019   1.12619   4.47572  1
   250.00000    606.21778   2.77211   0.70868   3.37865  1   3.65943   2.15887   3.29691  1
   300.00000    606.21778   5.26236   1.68983   3.82728  1   3.69986   1.07951   5.68321  1
   350.00000    606.21778   5.24872   1.71029   3.83878  1   2.26826   2.65336   5.65950  1
   400.00000    606.21778   5.26729   1.63441   4.12581  1   3.78919   1.03756   4.66326  1
   450.00000    606.21778   3.74644   1.05728   4.49749  1   2.75954   1.30670   2.80810  1
   500.00000    606.21778   0.93070   2.80929   6.13097  1   4.25690   1.89061   0.08476  1
   550.00000    606.21778   1.75674   1.07514   5.24209  1   0.35981   1.20011   4.34301  1
   600.00000    606.21778   5.47132   1.42230   5.00459  1   3.46596   1.17136   2.67309  1
   650.00000    606.21778   1.69801   1.15122   5.22363  1   3.16352   1.82008   5.86093  1
   700.00000    606.21778   2.34649   0.96982   2.42996  1   0.36585   0.97129   0.71839  1
   750.00000    606.21778   2.45868   1.59444   0.98028  1   5.57393   1.95170   0.91190  1
   800.00000    606.21778   5.56795   1.56111   0.58549  1   2.46706   1.60464   0.97455  1
   850.00000    606.21778   2.46787   1.60328   0.97878  1   5.57995   1.56690   0.59085  1
   900.00000    606.21778   4.46327   1.97072   4.31601  1   0.39265   0.77004   0.30692  1
   950.00000    606.21778   1.53248   3.13026   4.82294  1   4.33759   2.66738   5.78644  1
  1000.00000    606.21778   5.82301   0.49629   1.37080  1   2.42953   1.57903   2.89601  1
    25.00000    649.51905   1.15705   0.87166   0.08411  1   3.37077   0.93634   5.37097  1
    75.00000    649.51905   4.24857   1.77465   5.10664  1   0.06452   2.66637   0.53458  1
   125.00000    649.51905   5.73687   1.67086   3.76246  1   0.91978   1.02285   4.81720  1
   175.00000    649.51905   5.73416   1.65014   3.74799  1   3.12900   0.86850   5.45931  1
   225.00000    649.51905   4.53445   1.42509   3.81820  1   3.03129   2.20471   1.74319  1
   275.00000    649.51905   3.26163   1.36993   5.59230  1   5.86248   2.51860   6.04225  1
   325.00000    649.51905   5.26227   1.71182   3.82629  1   1.27992   1.27822   0.42999  1
   375.00000    649.51905   2.58391   0.85727   1.29862  1   2.06568   1.53132   0.55400  1
   425.00000    649.51905   0.82097   1.35459   5.45171  1   6.03436   0.63356   4.85699  1
   475.00000    649.51905   5.19666   1.66677   4.17386  1   2.33441   1.73848   5.78108  1
   525.00000    649.51905   5.55914   0.45533   1.09827  1   4.58035   1.62828   3.69232  1
   575.00000    649.51905   3.50087   1.57786   5.50229  1   2.88716   2.10587   2.18488  1
   625.00000    649.51905   1.14656   1.85577   3.42303  1   0.43114   0.38424   3.84504  1
   675.00000    649.51905   3.76658   1.18741   2.98571  1   5.98219   2.27936   0.56946  1
   725.00000    649.51905   5.12170   1.46196   3.99167  1   3.49355   0.88612   4.85601  1
   775.00000    649.51905   5.11175   1.46794   3.99577  1   2.79909   1.46202   2.90453  1
   825.00000    649.51905   2.46984   1.59927   0.98428  1   5.57634   1.55957   0.57378  1
   875.00000    649.51905   3.40920   1.68229   5.95475  1   1.41597   1.95706   0.51772  1
   925.00000    649.51905   2.40440   1.10405   4.83122  1   5.01263   2.02869   1.59618  1
   975.00000    649.51905   4.45021   1.67259   3.63757  1   2.07718   1.05591   3.02935  1
     0.00000    692.82032   4.23053   1.50615   5.57587  1   0.68460   2.37592   4.61083  1
    50.00000    692.82032   0.19517   0.65120   0.80839  1   2.47070   1.08667   2.03201  1
   100.00000    692.82032   4.26565   1.12831   5.75712  1   1.49793   1.69597   5.72099  1
   150.00000    692.82032   3.84483   1.37766   5.48542  1   3.87378   1.39839   5.48615  1
   200.00000    692.82032   3.86479   1.38356   5.48939  1   0.16398   1.20004   0.85810  1
   250.00000    692.82032   5.07422   1.28926   5.09791  1   2.30247   0.83495   0.77296  1
   300.00000    692.82032   5.06882   1.28827   0.38588  1   4.19864   1.31839   5.98466  1
   350.00000    692.82032   1.78430   0.72546   5.84451  1   3.62160   1.35226   5.40829  1
   400.00000    692.82032   5.20982   1.56804   4.06291  1   2.99607   0.93017   3.14940  1
   450.00000    692.82032   5.20259   1.59396   4.10205  1   2.91055   1.45758   1.17947  1
   500.00000    692.82032   1.88239   1.52513   0.76319  1   0.19988   1.24737   2.90229  1
   550.00000    692.82032   5.77586   0.45071   0.91585  1   0.97738   0.19056   3.92404  1
   600.00000    692.82032   2.52004   0.86838   1.28070  1   0.99951   2.15518   6.13924  1
   650.00000    692.82032   4.47622   2.10324   5.44912  1   4.28480   1.28907   6.06791  1
   700.00000    692.82032   4.48725   2.10960   5.45736  1   6.06397   1.61342   0.52811  1
   750.00000    692.82032   0.74782   1.18913   5.97850  1   3.40324   0.90908   4.75295  1
   800.00000    692.82032   2.53324   0.94433   2.97824  1   3.17248   2.01436   6.03621  1
   850.00000    692.82032   0.99673   0.95464   4.09030  1   2.37732   1.25064   0.22704  1
   900.00000    692.82032   4.25812   1.79767   5.29418  1   1.56054   0.85631   0.78242  1
   950.00000    692.82032   5.49572   2.03973   3.83011  1   1.40354   1.10487   0.69994  1
  1000.00000    692.82032   5.47276   2.02999   3.81149  1   2.68987   1.28867   6.00187  1
    25.00000    736.12159   0.05327   0.68920   1.05169  1   2.50919   1.83104   1.04690  1
    75.00000    736.12159   2.64506   0.99083   1.26752  1   3.74796   0.62112   2.65883  1
   125.00000    736.12159   4.92314   1.89012   5.26225  1   2.78779   1.82332   5.32443  1
   175.00000    736.12159   4.56526   1.55187   4.77895  1   1.11169   1.61099   4.95465  1
   225.00000    736.12159   2.56687   2.36109   5.22962  1   0.12148   1.30522   0.68234  1
   275.00000    736.12159   1.96686   1.87894   4.32404  1   3.61322   1.49470   6.16761  1
   325.00000    736.12159   5.80832   2.68509   3.90940  1   1.93168   1.41895   0.06886  1
   375.00000    736.12159   4.19034   2.12037   3.69981  1   5.58731   1.92891   1.26594  1
   425.00000    736.12159   4.22600   1.32378   5.35652  1   2.27689   0.70823   3.58593  1
   475.00000    736.12159   3.09222   0.72920   3.04608  1   2.94101   2.25647   1.49316  1
   525.00000    736.12159   4.82013   2.39191   6.16725  1   5.86609   1.13218   0.94677  1
   575.00000    736.12159   1.81547   1.77398   0.96276  1   4.93090   1.36270   5.28775  1
   625.00000    736.12159   0.55819   1.43094   4.88790  1   2.18233   1.37782   2.96293  1
   675.00000    736.12159   3.40246   0.87577   5.59654  1   2.93416   1.53713   1.06227  1
   725.00000    736.12159   5.36333   1.25992   0.41624  1   0.00414   2.65647   4.01886  1
   775.00000    736.12159   5.65870   1.62134   3.70412  1   2.49464   1.49412   2.59351  1
   825.00000    736.12159   5.68270   1.64551   3.69854  1   2.51083   1.46779   2.59143  1
   875.00000    736.12159   0.07737   2.30604   3.99525  1   2.20109   2.11574   0.90641  1
   925.00000    736.12159   2.34204   1.08871   0.88630  1   0.94709   0.66184   4.67992  1
   975.00000    736.12159   5.48020   2.04591   3.81065  1   2.48299   2.31533   5.62436  1
     0.00000    779.42286   6.06838   2.92949   2.43140  1   2.40933   2.48588   5.66964  1
    50.00000    779.42286   1.93668   1.89225   1.03570  1   0.56834   1.02527   1.21442  1
   100.00000    779.42286   3.27901   0.54321   2.97011  1   0.77075   0.36324   3.18083  1
   150.00000    779.42286   3.33776   0.50798   2.91352  1   3.39799   0.49732   2.82164  1
   200.00000    779.42286   5.47682   3.09152   2.52264  1   4.03901   0.85018   2.74774  1
   250.00000    779.42286   3.30971   0.74787   5.43093  1   2.71654   1.36100   1.03194  1
   300.00000    779.42286   4.66870   2.34166   6.05926  1   5.82868   1.18057   0.85168  1
   350.00000    779.42286   0.11855   2.35789   3.92322  1   5.79984   2.70283   0.00827  1
   400.00000    779.42286   0.17930   2.37428   4.01550  1   5.86267   1.77572   0.56423  1
   450.00000    779.42286   0.20209   2.37118   4.03821  1   5.41027   1.13882   0.63158  1
   500.00000    779.42286   1.68431   0.72778   4.83958  1   2.73152   1.98986   5.32634  1
   550.00000    779.42286   5.67038   1.41076   0.27029  1   4.39652   1.02352   5.48464  1
   600.00000    779.42286   0.45000   2.84546   4.19111  1   0.56468   0.53630   1.04880  1
   650.00000    779.42286   4.89025   1.74968   4.08227  1   3.31681   2.08659   0.99372  1
   700.00000    779.42286   5.83495   2.39656   3.46063  1   3.26785   1.53890   3.15655  1
   750.00000    779.42286   1.72209   1.82900   3.89912  1   0.92728   0.89681   6.06875  1
   800.00000    779.42286   2.53675   1.51460   2.60689  1   5.64193   1.65735   0.52987  1
   850.00000    779.42286   5.64657   1.66392   3.62971  1   2.46451   1.45734   2.66468  1
   900.00000    779.42286   1.23480   0.71517   0.04237  1   3.48717   1.06794   5.23155  1
   950.00000    779.42286   4.52932   2.00931   5.56692  1   6.06933   1.50786   0.42492  1
  1000.00000    779.42286   4.51849   1.99550   5.56437  1   6.05470   1.51331   0.41202  1
    25.00000    822.72413   6.14287   2.54864   4.12606  1   6.18360   2.56103   5.75498  1
    75.00000    822.72413   3.22069   1.56081   0.98890  1   2.39784   1.47441   3.52904  1
   125.00000    822.72413   0.64547   0.42283   4.90301  1   5.91651   1.90487   5.51492  1
   175.00000    822.72413   3.30804   0.56259   2.92569  1   1.50228   1.41468   5.76575  1
   225.00000    822.72413   0.14620   2.36251   3.95736  1   1.96083   2.05770   0.30030  1
   275.00000    822.72413   0.10028   0.50938   0.80973  1   0.95304   1.92651   3.55201  1
   325.00000    822.72413   0.10383   2.35438   3.91133  1   0.13999   2.33820   3.93350  1
   375.00000    822.72413   0.11366   2.35092   3.91181  1   6.13865   1.71320   4.69167  1
   425.00000    822.72413   2.51080   2.61906   5.82979  1   3.04945   1.12869   2.90079  1
   475.00000    822.72413   2.51773   2.61469   5.81677  1   0.64814   0.37023   3.78594  1
   525.00000    822.72413   5.22883   1.67542   3.85789  1   2.93485   1.21203   1.26751  1
   575.00000    822.72413   5.72056   0.55630   1.20437  1   5.94997   2.85347   4.41322  1
   625.00000    822.72413   3.83137   1.35612   5.74901  1   1.96050   1.87559   0.91843  1
   675.00000    822.72413   5.94931   1.56916   4.08678  1   1.22789   2.20546   0.02325  1
   725.00000    822.72413   1.23195   2.19389   0.00881  1   5.98370   1.55317   4.11437  1
   775.00000    822.72413   6.00717   2.33866   4.14350  1   4.04897   1.47865   0.00741  1
   825.00000    822.72413   0.47811   1.13082   0.99010  1   0.04120   0.84486   2.39587  1
   875.00000    822.72413   3.06629   2.52828   1.17055  1   2.46221   1.26232   5.97493  1
   925.00000    822.72413   1.31806   0.86318   0.11505  1   5.55863   1.06664   0.83598  1
   975.00000    822.72413   5.75902   0.71094   3.62776  1   5.92275   0.69778   0.29624  1
     0.00000    866.02540   4.80957   1.89466   5.59472  1   5.96244   0.76790   0.50757  1
    50.00000    866.02540   1.32776   2.03464   0.01643  1   5.30274   1.27862   4.36521  1
   100.00000    866.02540   4.68009   1.70167   5.22404  1   2.11412   1.11611   0.14646  1
   150.00000    866.02540   0.36417   2.57545   0.41077  1   2.42060   1.43197   0.25242  1
   200.00000    866.02540   1.50771   0.67755   5.21065  1   0.36165   1.83406   0.95052  1
   250.00000    866.02540   0.19205   0.83094   0.58120  1   3.49482   0.64998   5.78745  1
   300.00000    866.02540   0.15773   0.81269   2.22152  1   6.06049   2.66133   3.69373  1
   350.00000    866.02540   0.20384   0.80559   0.59013  1   0.19030   0.84963   0.56122  1
   400.00000    866.02540   5.17300   1.18983   0.22292  1   3.66061   1.75547   3.51606  1
   450.00000    866.02540   3.03254   1.10999   2.89828  1   3.04849   1.16307   4.50912  1
   500.00000    866.02540   5.99737   0.02078   0.26164  1   2.63690   0.80847   1.10602  1
   550.00000    866.02540   5.78283   0.58937   1.12225  1   2.68873   2.53737   5.24751  1
   600.00000    866.02540   3.84286   1.36781   5.74506  1   0.02170   2.42310   4.23057  1
   650.00000    866.02540   3.84815   1.32919   5.72551  1   5.73785   0.62758   1.17644  1
   700.00000    866.02540   2.66342   0.77747   1.30192  1   1.74327   1.18613   5.91991  1
   750.00000    866.02540   4.54129   1.99219   4.80397  1   4.56399   2.02766   4.82770  1
   800.00000    866.02540   5.85245   2.42353   5.49866  1   2.96820   1.53502   6.02624  1
   850.00000    866.02540   4.94594   1.78030   4.27514  1   2.15273   1.14025   3.94192  1
   900.00000    866.02540   2.23559   0.99450   2.97694  1   5.05857   0.62907   1.86000  1
   950.00000    866.02540   5.61433   1.70736   3.85536  1   3.09939   0.88080   5.29266  1
  1000.00000    866.02540   1.26476   0.81080   0.16825  1   3.60830   0.94033   5.25546  1
    25.00000    909.32667   5.30532   2.57185   3.87526  1   4.72913   1.72712   3.50287  1
    75.00000    909.32667   0.96390   0.78692   6.04357  1   2.38846   1.78172   0.77828  1
   125.00000    909.32667   3.31305   0.54285   2.92521  1   2.09008   2.17443   0.21991  1
   175.00000    909.32667   2.14816   2.11517   4.96281  1   5.99212   2.47308   0.57724  1
   225.00000    909.32667   2.23372   1.10452   2.21840  1   0.28768   1.62564   1.25078  1
   275.00000    909.32667   2.22955   1.15616   0.71488  1   1.81877   1.40116   3.56679  1
   325.00000    909.32667   0.18889   0.81236   0.59919  1   5.66943   2.92657   5.35994  1
   375.00000    909.32667   2.22757   1.18755   0.67722  1   5.32976   1.99329   4.01026  1
   425.00000    909.32667   5.48779   1.23562   0.76165  1   0.46179   2.28115   1.08777  1
   475.00000    909.32667   2.34020   1.92602   0.80290  1   5.47488   1.23656   0.78227  1
   525.00000    909.32667   0.39214   0.03227   5.87941  1   3.91956   1.20972   5.49067  1
   575.00000    909.32667   2.14250   1.03326   4.95293  1   2.56094   2.52880   0.37126  1
   625.00000    909.32667   3.86070   1.37099   5.73800  1   3.84369   1.35659   5.72455  1
   675.00000    909.32667   3.86488   1.35164   5.71328  1   6.00674   2.90851   4.43626  1
   725.00000    909.32667   3.83231   2.66061   1.54163  1   3.30934   1.92904   6.00948  1
   775.00000    909.32667   6.12598   2.27679   0.10348  1   5.42331   0.97117   4.12099  1
   825.00000    909.32667   3.63751   1.27207   5.91485  1   0.10981   2.07886   0.71272  1
   875.00000    909.32667   2.62100   2.46843   5.39451  1   0.08841   1.28854   0.52460  1
   925.00000    909.32667   2.58911   0.70045   3.20788  1   0.15805   0.90086   3.97880  1
   975.00000    909.32667   2.56521   0.69968   3.22722  1   0.67486   1.89955   3.52238  1
     0.00000    952.62794   2.40645   0.22095   3.57389  1   2.78076   0.50886   0.39289  1
    50.00000    952.62794   2.38734   1.73025   0.75727  1   2.36781   1.70456   0.76725  1
   100.00000    952.62794   4.03617   1.29524   5.32279  1   4.01672   1.26881   5.30930  1
   150.00000    952.62794   4.72820   1.73617   4.59356  1   3.20851   1.48271   2.98608  1
   200.00000    952.62794   3.10577   0.56759   2.75505  1   4.76882   0.60059   1.89254  1
   250.00000    952.62794   2.22963   1.14559   0.67736  1   0.34770   1.42816   1.41509  1
   300.00000    952.62794   2.22438   1.09823   0.63826  1   2.26855   2.88257   5.38463  1
   350.00000    952.62794   2.08281   2.12117   0.74398  1   0.11324   2.15630   4.06290  1
   400.00000    952.62794   5.25948   1.70913   3.96124  1   1.74853   1.65564   3.45789  1
   450.00000    952.62794   1.01746   0.83983   5.90058  1   2.33444   1.90631   0.83776  1
   500.00000    952.62794   4.70636   1.54599   4.68858  1   3.16364   1.58460   4.76662  1
   550.00000    952.62794   5.07107   1.77955   4.00638  1   5.95716   1.87480   3.62401  1
   600.00000    952.62794   1.62396   0.58826   4.66922  1   2.45779   1.99212   5.11987  1
   650.00000    952.62794   4.76780   2.54183   3.18434  1   5.60673   1.14054   1.14574  1
   700.00000    952.62794   5.85418   2.45742   3.95948  1   1.55200   2.85921   4.90620  1
   750.00000    952.62794   6.07197   0.42891   0.56229  1   5.84602   2.26096   4.89238  1
   800.00000    952.62794   0.50911   1.42840   0.91031  1   0.53212   1.40444   0.91982  1
   850.00000    952.62794   2.26495   0.68117   1.34515  1   5.13479   0.87265   4.90239  1
   900.00000    952.62794   4.53232   0.33507   2.01190  1   5.37723   1.86381   1.32616  1
   950.00000    952.62794   2.56096   0.70066   3.23675  1   2.28515   1.49090   0.85410  1
  1000.00000    952.62794   2.55164   0.69633   3.24631  1   3.88082   1.29521   2.85085  1
    25.00000    995.92921   2.79764   0.71952   0.97715  1   4.11990   1.72733   2.57246  1
    75.00000    995.92921   4.71695   1.74647   4.59105  1   4.33397   1.76257   0.32588  1
   125.00000    995.92921   4.72155   1.74326   4.59113  1   3.20056   1.48419   2.99458  1
   175.00000    995.92921   0.98014   0.75927   2.90012  1   2.38403   1.77649   0.77060  1
   225.00000    995.92921   4.69012   0.03443   6.21236  1   1.71102   0.45787   2.64210  1
   275.00000    995.92921   5.32524   1.85837   3.91286  1   2.20938   1.27793   0.75655  1
   325.00000    995.92921   3.63411   0.61622   5.65957  1   5.32789   2.36284   4.28410  1
   375.00000    995.92921   5.25578   1.70936   3.97163  1   1.45172   0.90895   5.73426  1
   425.00000    995.92921   2.11307   1.44507   0.75472  1   2.03621   2.67431   5.41950  1
   475.00000    995.92921   2.95964   1.69667   2.24584  1   2.06256   1.59810   0.05439  1
   525.00000    995.92921   4.71693   0.97770   4.76711  1   2.46769   2.00632   5.11156  1
   575.00000    995.92921   1.63933   0.58268   4.64569  1   4.71114   0.94768   4.75997  1
   625.00000    995.92921   2.33171   1.67814   1.11831  1   4.19104   0.88784   5.73510  1
   675.00000    995.92921   2.51975   0.90430   1.23562  1   1.48331   0.94108   6.00066  1
   725.00000    995.92921   1.34500   1.11816   6.01682  1   3.95912   0.55145   2.06291  1
   775.00000    995.92921   2.20956   0.67353   1.41185  1   5.41639   2.45475   3.33172  1
   825.00000    995.92921   2.24948   0.69160   1.36032  1   0.55128   1.40683   0.88811  1
   875.00000    995.92921   2.26662   0.69034   1.35098  1   5.46611   2.44958   3.40566  1
   925.00000    995.92921   2.56026   0.68623   3.23285  1   1.30743   1.19041   5.94584  1
   975.00000    995.92921   2.57188   0.70801   3.22876  1   6.19391   0.38659   3.94469  1
