     0.00000      0.00000   5.12337   1.77342   3.95367  1   2.31040   2.69244   5.96830  1
     3.00000      0.00000   1.76016   1.49991   0.05815  1   2.21215   1.77843   5.06204  1
     6.00000      0.00000   4.77707   1.18464   4.88445  1   2.61172   1.18075   2.97174  1
     9.00000      0.00000   4.76972   1.17177   4.88591  1   2.20487   2.73153   5.91928  1
    12.00000      0.00000   4.76492   1.17723   4.87562  1   2.47888   1.95593   4.88599  1
    15.00000      0.00000   4.77194   1.17697   4.86378  1   4.10068   1.70989   2.73295  1
    18.00000      0.00000   4.77111   1.18233   4.86926  1   3.98608   1.40807   1.95642  1
    21.00000      0.00000   4.77070   1.18951   4.87101  1   2.48117   1.94533   4.87882  1
    24.00000      0.00000   4.77131   1.17912   4.87877  1   2.48328   1.95563   4.88371  1
    27.00000      0.00000   4.78029   1.16905   4.85822  1   3.99160   1.39764   1.95480  1
    30.00000      0.00000   4.74781   1.17552   4.87483  1   4.08746   1.71644   2.74494  1
    33.00000      0.00000   4.76628   1.17571   4.86154  1   2.21096   2.71719   5.93790  1
    36.00000      0.00000   4.76654   1.17717   4.85998  1   4.09960   1.70924   2.73482  1
    39.00000      0.00000   4.75925   1.16860   4.88208  1   4.91699   2.08628   3.32568  1
    42.00000      0.00000   4.76486   1.17039   4.88195  1   2.18236   2.72710   5.89525  1
    45.00000      0.00000   4.76911   1.16946   4.86618  1   2.48037   1.95871   4.89554  1
    48.00000      0.00000   4.77070   1.17658   4.85805  1   4.10451   1.70946   2.73342  1
    51.00000      0.00000   4.71931   2.54372   4.83986  1   0.57534   1.92218   1.07654  1
    54.00000      0.00000   4.70469   2.52843   4.82895  1   0.56434   1.92974   1.06230  1
    57.00000      0.00000   6.21138   1.57013   4.17345  1   3.82408   1.98018   0.05242  1
    60.00000      0.00000   4.68528   2.52806   4.81477  1   0.55961   1.94159   1.07131  1
    63.00000      0.00000   4.66389   2.54779   4.80062  1   0.56133   1.93450   1.09126  1
    66.00000      0.00000   1.61410   0.58731   6.11745  1   3.72113   1.24859   5.21325  1
    69.00000      0.00000   1.59103   0.58751   6.14847  1   3.72692   1.23271   5.20463  1
    72.00000      0.00000   1.56177   0.60013   6.16179  1   3.70678   1.22170   5.20606  1
    75.00000      0.00000   4.64140   2.53843   4.76464  1   3.17905   2.43937   6.03276  1
    78.00000      0.00000   4.64596   2.54587   4.73350  1   0.60662   1.96696   1.11611  1
    81.00000      0.00000   4.77210   2.55410   0.15413  1   3.74834   1.23421   5.20068  1
    84.00000      0.00000   4.98439   1.74210   4.06777  1   3.57939   0.97627   2.93537  1
    87.00000      0.00000   4.94664   1.77797   4.05127  1   5.65837   2.95939   4.67043  1
    90.00000      0.00000   4.94191   1.79190   4.03231  1   0.99304   1.57413   6.12193  1
    93.00000      0.00000   4.95971   1.77068   4.03929  1   2.50922   0.17687   1.63699  1
    96.00000      0.00000   4.96996   1.76750   4.05467  1   0.98805   1.10003   0.30208  1
    99.00000      0.00000   4.95606   1.76090   4.06052  1   3.56584   0.97504   2.91315  1
   102.00000      0.00000   3.05932   2.43062   5.89918  1   3.13470   2.45833   1.24015  1
   105.00000      0.00000   5.42423   0.47299   0.84653  1   0.07306   1.88546   0.40829  1
   108.00000      0.00000   3.12711   2.44138   5.91503  1   5.82157   2.98875   4.79061  1
   111.00000      0.00000   4.97634   1.77420   4.04141  1   1.32659   0.89904   4.03255  1
   114.00000      0.00000   4.96829   1.76572   4.02559  1   4.12502   2.01625   5.95676  1
   117.00000      0.00000   4.95609   1.76618   4.02604  1   3.85146   2.31318   4.67031  1
   120.00000      0.00000   4.95128   1.76474   4.02553  1   0.79376   0.60791   4.10997  1
   123.00000      0.00000   4.95622   1.76268   4.03695  1   3.85477   2.33475   4.66955  1
   126.00000      0.00000   4.97364   1.77004   4.04890  1   5.86021   1.84792   3.64632  1
   129.00000      0.00000   4.96752   1.76029   4.03940  1   0.88910   0.55419   4.04604  1
   132.00000      0.00000   4.96794   1.76076   4.03483  1   3.61165   0.97726   2.90358  1
   135.00000      0.00000   4.96308   1.75430   4.02873  1   0.89271   0.57453   4.04302  1
   138.00000      0.00000   3.17824   2.44450   6.00214  1   3.58406   0.95938   2.91866  1
   141.00000      0.00000   4.95857   1.74400   4.05404  1   5.82278   1.82188   3.61424  1
   144.00000      0.00000   2.31332   1.66002   1.01521  1   6.00264   0.79933   1.25986  1
   147.00000      0.00000   2.31425   1.67052   1.00740  1   5.91355   2.12459   3.81174  1
   150.00000      0.00000   2.31923   1.67582   1.00397  1   4.63099   1.58102   5.97733  1
   153.00000      0.00000   2.30087   1.69159   1.00980  1   6.02496   0.77517   1.21490  1
   156.00000      0.00000   2.31546   1.67075   4.13791  1   4.20732   1.34304   5.52461  1
   159.00000      0.00000   2.31704   1.67630   0.99244  1   0.80866   0.69581   3.34195  1
   162.00000      0.00000   2.33115   1.70486   1.03395  1   2.40941   0.86241   0.35680  1
   165.00000      0.00000   0.81596   1.05841   6.13003  1   1.94382   1.39020   1.33227  1
   168.00000      0.00000   2.30552   1.67655   1.04178  1   4.20222   1.30132   5.51166  1
   171.00000      0.00000   0.81715   1.00265   6.15118  1   6.02586   0.78113   1.23417  1
   174.00000      0.00000   2.31653   1.68252   0.99832  1   6.02540   0.77815   1.23504  1
   177.00000      0.00000   2.31510   1.66470   1.02120  1   6.03307   0.80960   1.21906  1
   180.00000      0.00000   2.32414   1.68064   1.02263  1   6.05022   0.79459   1.20707  1
   183.00000      0.00000   2.29701   1.70351   4.16159  1   4.18744   1.30367   5.53993  1
   186.00000      0.00000   2.31608   1.67103   1.01014  1   4.20801   1.32931   5.52498  1
   189.00000      0.00000   0.56732   2.58661   4.52925  1   6.01328   0.80650   1.21967  1
   192.00000      0.00000   2.31870   1.65688   1.01598  1   4.27579   2.02904   2.16065  1
   195.00000      0.00000   2.33005   1.68709   1.00817  1   6.05865   0.77639   1.21958  1
   198.00000      0.00000   2.32868   1.67374   1.00155  1   5.11193   1.80033   1.84397  1
   201.00000      0.00000   2.32529   1.68938   4.12886  1   1.07413   1.77915   5.44300  1
   204.00000      0.00000   2.31642   1.66795   1.01078  1   4.21200   1.32799   5.52266  1
   207.00000      0.00000   2.30851   1.66830   1.00905  1   4.20546   1.33047   5.52758  1
   210.00000      0.00000   2.31052   1.66705   4.14398  1   4.20781   1.34078   5.51676  1
   213.00000      0.00000   2.31832   1.68168   0.99588  1   6.02859   0.77728   1.24302  1
   216.00000      0.00000   2.30487   1.68003   1.00712  1   4.20163   1.33159   5.53060  1
   219.00000      0.00000   0.56966   2.55724   4.50315  1   4.21224   1.33824   5.54075  1
   222.00000      0.00000   2.31467   1.67601   1.01005  1   4.21255   1.32845   5.52320  1
   225.00000      0.00000   2.30422   1.69343   4.14828  1   2.41341   0.84340   0.32484  1
   228.00000      0.00000   2.31071   1.67914   4.13163  1   0.82242   0.96653   4.59724  1
   231.00000      0.00000   0.80646   0.99800   6.16384  1   2.43519   0.83472   0.29971  1
   234.00000      0.00000   0.80903   0.99853   6.14953  1   4.20825   1.35100   5.53521  1
   237.00000      0.00000   0.80454   1.01353   4.59869  1   4.20712   1.31944   2.36719  1
   240.00000      0.00000   2.29817   1.64687   1.03255  1   6.00703   0.82773   1.22631  1
   243.00000      0.00000   1.05339   2.85495   4.45132  1   1.71735   1.25418   0.31705  1
   246.00000      0.00000   1.00181   2.85460   4.40027  1   4.53124   1.47910   2.73968  1
   249.00000      0.00000   0.99900   2.86303   4.40130  1   2.90740   1.16275   0.11280  1
   252.00000      0.00000   0.95352   2.86313   4.35966  1   4.20989   2.90662   5.79403  1
   255.00000      0.00000   0.92595   2.86292   4.34016  1   4.28138   2.91750   5.87638  1
   258.00000      0.00000   0.94588   2.86730   4.35505  1   1.73767   1.26878   0.26041  1
   261.00000      0.00000   0.95605   2.86141   4.36529  1   0.96998   2.83127   4.34770  1
   264.00000      0.00000   6.25669   0.70883   0.77043  1   6.21556   2.61877   3.88390  1
   267.00000      0.00000   6.26573   0.71278   0.76226  1   2.26042   1.94560   1.20245  1
   270.00000      0.00000   6.26915   0.71295   0.76348  1   6.21665   2.62189   3.88287  1
   273.00000      0.00000   4.02844   1.07917   5.75352  1   2.25774   1.95191   1.19753  1
   276.00000      0.00000   6.28296   0.71385   0.74254  1   4.01003   2.46783   4.43025  1
   279.00000      0.00000   6.27817   0.72959   0.75082  1   6.21756   2.64011   3.88035  1
   282.00000      0.00000   6.26991   0.72049   0.75451  1   2.25690   1.94333   1.20954  1
   285.00000      0.00000   6.27258   0.72355   0.75814  1   2.26182   1.93963   1.21050  1
   288.00000      0.00000   6.26681   0.72497   0.74837  1   2.25275   1.94592   1.22377  1
   291.00000      0.00000   6.26347   0.72979   0.75903  1   6.20105   2.63670   3.88075  1
   294.00000      0.00000   4.02578   1.06537   5.73554  1   2.25666   1.93817   1.21817  1
   297.00000      0.00000   6.26577   0.73226   0.75518  1   2.26347   1.93585   1.22306  1
   300.00000      0.00000   6.25805   0.73590   0.76159  1   6.20563   2.64912   3.88493  1
   303.00000      0.00000   4.02651   1.05842   5.74090  1   2.25870   1.94298   1.22646  1
   306.00000      0.00000   4.01593   1.06990   5.75026  1   6.18186   2.62020   3.86069  1
   309.00000      0.00000   4.01266   1.04275   2.59802  1   6.15162   2.64188   0.69242  1
   312.00000      0.00000   0.00240   0.74008   0.72042  1   6.13586   2.64572   3.81139  1
   315.00000      0.00000   4.01965   1.06364   5.73027  1   3.94964   2.45037   4.38554  1
   318.00000      0.00000   6.24522   0.70887   0.79490  1   0.68237   0.35384   4.61522  1
   321.00000      0.00000   6.26902   0.74077   0.75012  1   0.68547   0.40902   4.59166  1
   324.00000      0.00000   6.26329   0.73126   0.74212  1   2.24717   1.94433   1.22890  1
   327.00000      0.00000   5.54637   1.85628   3.74487  1   0.21484   1.08997   4.78314  1
   330.00000      0.00000   5.54816   1.85247   3.75900  1   2.66813   2.49744   5.76261  1
   333.00000      0.00000   5.55004   1.83737   3.77525  1   4.66957   1.88103   4.15376  1
   336.00000      0.00000   5.54542   1.84436   3.76082  1   2.99189   2.56268   6.23163  1
   339.00000      0.00000   5.56700   1.84431   3.77766  1   1.53622   1.25886   0.56208  1
   342.00000      0.00000   5.55666   1.84034   3.76816  1   3.29925   1.03930   2.77906  1
   345.00000      0.00000   5.56273   1.85338   3.76514  1   4.68391   1.88179   4.13518  1
   348.00000      0.00000   5.57396   1.84672   3.77597  1   4.69046   1.88533   4.14638  1
   351.00000      0.00000   2.40682   1.37161   4.16551  1   2.39044   1.28176   0.95808  1
   354.00000      0.00000   5.53610   1.81707   3.75272  1   3.25613   1.04320   2.82396  1
   357.00000      0.00000   3.78473   2.18488   1.24516  1   5.05441   1.99097   2.29919  1
   360.00000      0.00000   5.55245   1.84070   3.79739  1   0.54064   1.76971   1.00925  1
   363.00000      0.00000   3.78962   2.18863   4.35042  1   4.39333   2.16372   4.43175  1
   366.00000      0.00000   5.56743   1.84347   3.79120  1   3.30940   1.04435   2.76595  1
   369.00000      0.00000   5.56212   1.84101   3.78275  1   1.91545   1.15190   0.84714  1
   372.00000      0.00000   5.56006   1.82879   3.77551  1   2.65292   2.51255   5.74092  1
   375.00000      0.00000   5.53019   1.84482   3.74186  1   3.26579   1.02427   2.80116  1
   378.00000      0.00000   5.72533   0.56225   1.01542  1   5.47649   2.20165   0.95791  1
   381.00000      0.00000   1.93542   1.08388   5.05998  1   4.46768   1.75627   4.15105  1
   384.00000      0.00000   5.72964   0.60139   0.99926  1   1.82951   1.90295   1.00757  1
   387.00000      0.00000   2.58877   2.53919   5.28588  1   6.05589   2.50115   4.12832  1
   390.00000      0.00000   3.66226   1.28677   5.77803  1   1.82134   1.91829   0.97498  1
   393.00000      0.00000   1.93211   1.08547   5.03464  1   1.81756   1.91507   0.98250  1
   396.00000      0.00000   2.57732   2.56247   5.26085  1   1.51660   0.49713   3.79215  1
   399.00000      0.00000   1.95240   1.09040   5.02914  1   6.07477   2.46048   4.14153  1
   402.00000      0.00000   5.65260   0.58185   1.07471  1   3.28309   1.01841   5.44995  1
   405.00000      0.00000   0.53408   1.87024   0.49936  1   3.69326   1.27765   5.74372  1
   408.00000      0.00000   0.58792   2.68080   4.33586  1   0.05251   0.81398   1.03167  1
   411.00000      0.00000   0.54581   2.65979   4.30945  1   4.76287   1.44128   4.37020  1
   414.00000      0.00000   0.57531   2.66221   4.32943  1   4.77767   1.44005   4.37033  1
   417.00000      0.00000   4.01166   2.60474   0.98855  1   4.36034   1.21015   2.44887  1
   420.00000      0.00000   0.55930   2.64245   4.30378  1   0.03756   0.77215   1.03955  1
   423.00000      0.00000   0.60529   2.61128   5.90197  1   2.95473   2.97407   0.35874  1
   426.00000      0.00000   0.52738   2.66792   5.87223  1   4.33752   1.18986   2.42283  1
   429.00000      0.00000   2.51399   1.78798   5.82860  1   4.48395   2.62499   0.45075  1
   432.00000      0.00000   2.50287   1.79315   2.68061  1   0.63551   0.99614   4.16362  1
   435.00000      0.00000   0.48224   2.67757   4.19913  1   4.79959   1.38164   5.95734  1
   438.00000      0.00000   2.49410   1.76860   2.69479  1   0.05850   0.78288   1.01784  1
   441.00000      0.00000   2.51799   1.77087   2.68077  1   0.07788   0.77277   1.02857  1
   444.00000      0.00000   2.51707   1.76396   2.69888  1   0.09258   0.78529   1.01137  1
   447.00000      0.00000   0.51219   2.65948   4.24234  1   0.09540   0.77875   0.98679  1
   450.00000      0.00000   2.50448   1.78020   2.69381  1   5.37078   1.61853   4.11681  1
   453.00000      0.00000   4.37621   1.16899   5.58254  1   2.51721   1.77661   2.71722  1
   456.00000      0.00000   4.36100   1.16754   5.56824  1   1.51279   1.58744   5.87427  1
   459.00000      0.00000   4.37128   1.17226   5.55465  1   2.57006   1.27152   6.25496  1
   462.00000      0.00000   4.37768   1.16757   5.53962  1   4.12754   1.60657   2.82551  1
   465.00000      0.00000   4.37694   1.17038   5.54021  1   4.68081   1.55851   1.94885  1
   468.00000      0.00000   4.38450   1.16455   5.53774  1   1.54819   1.59207   5.89723  1
   471.00000      0.00000   0.07724   0.82122   0.99586  1   0.55169   2.69548   4.29015  1
   474.00000      0.00000   4.37579   1.17279   5.53971  1   4.67611   1.55872   1.94676  1
   477.00000      0.00000   4.38770   1.17765   5.54006  1   2.51734   1.74396   2.71582  1
   480.00000      0.00000   5.33832   2.67636   2.24825  1   2.29312   1.41023   0.32488  1
   483.00000      0.00000   4.61583   1.23673   4.99300  1   1.08469   1.67973   0.76624  1
   486.00000      0.00000   4.65301   1.28956   4.96135  1   2.06305   1.19444   0.36684  1
   489.00000      0.00000   2.49778   2.89926   1.01165  1   0.58814   2.58502   4.76175  1
   492.00000      0.00000   2.37998   2.87568   5.59315  1   3.64249   2.16366   3.08414  1
   495.00000      0.00000   4.63189   1.72543   4.50423  1   0.58505   2.01463   3.49478  1
   498.00000      0.00000   4.62171   1.71459   6.05553  1   0.67226   0.50594   4.27120  1
   501.00000      0.00000   5.42603   1.46104   3.89088  1   3.77693   0.81652   4.90121  1
   504.00000      0.00000   5.44187   1.45934   3.88459  1   6.24059   2.28366   0.66212  1
   507.00000      0.00000   5.44027   1.45493   3.89925  1   4.20189   1.51772   5.58600  1
   510.00000      0.00000   5.44581   1.44361   3.88614  1   3.45462   2.38341   0.28532  1
   513.00000      0.00000   5.43639   1.45239   3.89209  1   2.84626   1.11016   5.43698  1
   516.00000      0.00000   5.44081   1.45005   3.88942  1   2.33810   1.70748   0.77633  1
   519.00000      0.00000   2.29002   1.69567   0.82304  1   2.57643   0.89296   0.08743  1
   522.00000      0.00000   2.30381   1.70294   0.83486  1   5.62305   1.76400   4.96225  1
   525.00000      0.00000   2.01369   1.11557   1.69113  1   5.13053   2.04789   4.53499  1
   528.00000      0.00000   0.25561   2.25834   4.30492  1  12.56637  12.56637  12.56637  0
   531.00000      0.00000   4.73112   0.73018   1.22755  1   1.92623   1.94936   3.26515  1
   534.00000      0.00000   1.28791   0.39522   1.61278  1   0.23296   0.75766   5.67707  1
   537.00000      0.00000   1.60092   1.21198   5.81723  1   5.45294   1.47930   1.01190  1
   540.00000      0.00000   3.19148   0.61203   0.24946  1   1.00184   1.07967   0.54411  1
   543.00000      0.00000   0.83230   0.83782   4.53284  1   0.57739   2.34232   6.07860  1
   546.00000      0.00000   2.29638   1.69332   0.82556  1   2.23135   0.73261   1.40798  1
   549.00000      0.00000   2.29558   1.69173   0.83579  1   2.84952   1.10926   5.45534  1
   552.00000      0.00000   5.43839   1.44713   3.88350  1   0.87265   0.79526   4.53683  1
   555.00000      0.00000   2.29447   1.69566   0.82711  1   1.34940   1.69922   4.91808  1
   558.00000      0.00000   4.17695   1.73124   5.83762  1   5.18572   1.77939   2.23202  1
   561.00000      0.00000   5.42978   1.46656   3.88422  1   2.33214   1.71197   0.84491  1
   564.00000      0.00000   5.44115   1.45616   3.88931  1   5.86151   0.69526   1.46468  1
   567.00000      0.00000   5.43472   1.45549   3.87746  1   2.33180   1.70136   0.79759  1
   570.00000      0.00000   2.30275   1.69969   0.83539  1   2.52093   2.92204   5.72010  1
   573.00000      0.00000   2.30353   1.67874   0.85633  1   5.88875   0.71569   1.43021  1
   576.00000      0.00000   5.44899   1.47559   3.87833  1   4.45580   1.46686   2.94737  1
   579.00000      0.00000   4.68697   1.60919   3.14333  1   4.71198   1.62210   3.17806  1
   582.00000      0.00000   4.55114   0.04200   1.69477  1   4.44695   2.69964   5.77718  1
   585.00000      0.00000   4.55337   0.04236   1.68231  1   4.47064   2.70512   5.80675  1
   588.00000      0.00000   4.43619   0.04567   1.79378  1   4.36802   2.69059   5.73577  1
   591.00000      0.00000   4.64681   0.03890   1.59351  1   1.76951   0.44469   2.62999  1
   594.00000      0.00000   4.65894   1.61419   3.15016  1   4.37763   2.69220   5.74896  1
   597.00000      0.00000   4.41399   0.05302   1.81819  1   4.34427   2.66618   5.72566  1
   600.00000      0.00000   4.50209   0.05095   1.72833  1   1.81020   0.44689   2.56875  1
   603.00000      0.00000   4.69613   0.04625   1.53086  1   4.44105   2.70421   5.78778  1
   606.00000      0.00000   4.47530   0.05518   1.76088  1   0.75568   1.86276   0.81882  1
   609.00000      0.00000   1.53459   1.52525   6.26308  1   4.44430   2.69886   5.79076  1
   612.00000      0.00000   4.66301   1.61365   3.18244  1   1.92638   1.45804   0.41415  1
   615.00000      0.00000   4.02221   0.04842   2.21756  1   4.50021   2.69774   5.84298  1
   618.00000      0.00000   0.49034   1.55873   0.88233  1   3.38763   2.79947   0.52783  1
   621.00000      0.00000   0.49519   1.54997   0.88693  1   5.28901   2.45990   0.08591  1
   624.00000      0.00000   0.47768   1.56580   0.89235  1   0.52610   1.50956   4.04382  1
   627.00000      0.00000   0.48667   1.55006   0.91077  1   0.52849   1.50924   4.05412  1
   630.00000      0.00000   0.49619   1.53664   0.89796  1   3.28513   1.33190   5.88365  1
   633.00000      0.00000   0.49847   1.54785   0.89554  1   5.35881   2.46513   0.13025  1
   636.00000      0.00000   0.49770   1.54871   0.90066  1   3.30015   1.32391   5.87403  1
   639.00000      0.00000   0.47701   1.54464   0.89025  1   0.52083   1.48913   4.03807  1
   642.00000      0.00000   0.49092   1.54964   0.89802  1   0.52589   1.50985   4.04350  1
   645.00000      0.00000   0.49389   1.55559   0.90537  1   0.51546   1.51812   4.04717  1
   648.00000      0.00000   0.49751   1.53703   0.89979  1   0.53450   1.50031   4.04044  1
   651.00000      0.00000   0.50095   1.52972   0.89432  1   4.45765   1.43391   2.85152  1
   654.00000      0.00000   0.50039   1.55208   0.90639  1   0.51579   1.51790   4.04693  1
   657.00000      0.00000   0.50334   1.55278   0.88937  1   5.31566   2.46183   0.08754  1
   660.00000      0.00000   0.48280   1.55751   0.88782  1   0.51141   1.52113   4.03193  1
   663.00000      0.00000   0.49275   1.55133   0.89156  1   5.83050   1.61697   0.88300  1
   666.00000      0.00000   0.47910   1.53416   4.02752  1   4.43812   1.42655   2.85585  1
   669.00000      0.00000   0.48877   1.55059   0.89223  1   5.36620   2.46815   0.13994  1
   672.00000      0.00000   0.48975   1.53045   0.88247  1   1.51701   1.94440   6.15456  1
   675.00000      0.00000   0.49397   1.55517   0.88566  1   6.11514   1.09729   1.06299  1
   678.00000      0.00000   0.48714   1.54534   0.89308  1   5.36596   2.46808   0.13975  1
   681.00000      0.00000   0.49080   1.55332   0.89492  1   0.50595   1.51715   4.05583  1
   684.00000      0.00000   0.49706   1.54603   0.89537  1   6.11208   1.09535   1.08383  1
   687.00000      0.00000   3.64087   1.60180   5.37042  1   2.86709   1.27107   0.12552  1
   690.00000      0.00000   0.50014   1.55130   0.90067  1   5.36907   2.47182   0.13447  1
   693.00000      0.00000   0.50236   1.56403   0.90069  1   0.54020   1.51762   4.04866  1
   696.00000      0.00000   0.50092   1.56469   0.90232  1   0.52980   1.52597   4.05225  1
   699.00000      0.00000   0.49689   1.55620   0.90765  1   2.15946   0.66645   1.48948  1
   702.00000      0.00000   0.49243   1.54953   0.90654  1   5.34426   2.48042   0.12480  1
   705.00000      0.00000   0.49699   1.55751   0.90151  1   6.11145   1.10774   1.07693  1
   708.00000      0.00000   0.49798   1.54692   0.90096  1   0.53200   1.50861   4.04986  1
   711.00000      0.00000   0.50181   1.55375   0.90504  1   1.16633   2.00221   4.19056  1
   714.00000      0.00000   0.49292   1.54521   0.90050  1   3.32589   2.80369   0.45692  1
   717.00000      0.00000   0.49282   1.54643   0.89986  1   0.54193   1.49468   4.04105  1
   720.00000      0.00000   0.50216   1.55122   0.89918  1   2.84226   1.27088   3.29334  1
   723.00000      0.00000   0.49572   1.55098   0.89135  1   5.29156   2.46940   0.07800  1
   726.00000      0.00000   0.49143   1.53705   0.89092  1   0.52857   1.49293   4.03932  1
   729.00000      0.00000   0.49606   1.55079   0.90246  1   1.15752   2.00006   4.18394  1
   732.00000      0.00000   0.49547   1.54833   0.90408  1   5.29523   2.47325   0.08511  1
   735.00000      0.00000   0.49625   1.54436   0.89706  1   0.74253   0.93862   6.22937  1
   738.00000      0.00000   0.49869   1.55074   0.90282  1   5.83912   1.62380   0.88953  1
   741.00000      0.00000   0.48667   1.55049   0.89635  1   1.14863   1.99790   4.17784  1
   744.00000      0.00000   0.48680   1.56027   0.91418  1   6.09681   1.11031   1.09324  1
   747.00000      0.00000   0.48379   1.56163   0.92451  1   3.27871   2.78358   0.41256  1
   750.00000      0.00000   2.81518   1.50488   2.68147  1   0.22009   1.00124   1.26339  1
   753.00000      0.00000   1.20297   1.09154   0.08176  1   3.25662   0.82064   5.61712  1
   756.00000      0.00000   2.82453   1.49991   2.66343  1   0.23477   0.98255   1.26666  1
   759.00000      0.00000   2.82695   1.49733   2.68391  1   0.25544   0.98475   1.24021  1
   762.00000      0.00000   1.21070   1.13294   0.09082  1   0.25524   1.00159   1.23064  1
   765.00000      0.00000   5.11529   1.57112   4.17275  1   4.04805   1.17838   2.49615  1
   768.00000      0.00000   5.12472   1.57919   4.15922  1   2.82744   1.49655   2.72516  1
   771.00000      0.00000   5.10681   1.57744   4.15279  1   0.04327   1.36209   0.87171  1
   774.00000      0.00000   5.10977   1.57947   4.14456  1   2.58350   0.94504   0.21235  1
   777.00000      0.00000   5.11668   1.59233   4.12936  1   2.81725   1.47058   2.73846  1
   780.00000      0.00000   5.11893   1.59026   4.12222  1   2.81598   1.45015   2.74975  1
   783.00000      0.00000   5.11863   1.58988   4.13392  1   2.26034   1.80227   5.84019  1
   786.00000      0.00000   5.10900   1.58711   4.14127  1   5.39207   1.71463   1.34205  1
   789.00000      0.00000   5.11275   1.58779   4.13905  1   2.25726   1.80418   5.83740  1
   792.00000      0.00000   5.12398   1.59177   4.15092  1   4.16191   1.77512   3.01589  1
   795.00000      0.00000   0.37667   0.56376   4.75645  1   0.17310   1.21509   1.05278  1
   798.00000      0.00000   5.11466   1.58264   5.70124  1   0.16422   1.21095   4.16708  1
   801.00000      0.00000   0.36519   0.56533   1.63192  1   5.46373   1.90836   5.34466  1
   804.00000      0.00000   1.98701   1.53942   3.72034  1   4.75939   1.93328   2.75711  1
   807.00000      0.00000   0.07743   1.34653   0.89557  1   2.28058   0.95129   0.46961  1
   810.00000      0.00000   4.58256   0.89497   5.03485  1   1.43901   1.70379   5.73743  1
   813.00000      0.00000   1.92708   0.74452   5.91112  1   0.01872   1.34510   0.90507  1
   816.00000      0.00000   1.94113   0.75492   1.15473  1   2.35507   0.55946   3.62324  1
   819.00000      0.00000   5.10741   1.57063   4.17558  1   1.62528   1.21379   0.32766  1
   822.00000      0.00000   5.10730   1.57125   4.17816  1   2.52857   0.88631   5.96982  1
   825.00000      0.00000   5.11820   1.57908   4.17102  1   3.45292   0.67585   0.56976  1
   828.00000      0.00000   3.52673   2.59218   4.70022  1   5.65532   2.27488   3.45772  1
   831.00000      0.00000   5.11621   1.58884   4.16158  1   2.25525   1.80971   5.81905  1
   834.00000      0.00000   5.11965   1.58489   4.16002  1   2.25173   1.81176   5.81715  1
   837.00000      0.00000   5.12148   1.58868   4.17317  1   2.31649   0.62554   0.90723  1
   840.00000      0.00000   5.00328   1.64769   5.47514  1   1.49515   1.73412   3.48630  1
   843.00000      0.00000   5.04365   1.65807   3.94904  1   2.72718   1.29217   2.81390  1
   846.00000      0.00000   5.04650   1.65916   3.94948  1   5.91236   0.82154   3.27412  1
   849.00000      0.00000   5.02733   1.66244   3.92978  1   0.24340   2.87770   5.89066  1
