     0.00000      0.00000   0.85775   2.04565   0.05516  1   1.99580   1.18149   0.34364  1
     0.20000      0.00000   6.26776   1.94000   4.03221  1   1.19917   0.72991   0.52487  1
     0.40000      0.00000   0.01309   1.91765   4.05527  1   5.67115   1.41893   0.84877  1
     0.60000      0.00000   4.28973   2.40369   5.73737  1   1.85800   2.23685   0.46696  1
     0.80000      0.00000   4.30724   2.39499   2.61256  1   4.17749   1.01416   5.44149  1
     1.00000      0.00000   0.00133   1.91763   4.03642  1   2.53522   1.73633   0.72592  1
     1.20000      0.00000   0.00936   1.90853   4.03879  1   4.62198   0.09496   2.41330  1
     1.40000      0.00000   0.01638   1.91849   4.05265  1   2.06583   0.88318   5.45988  1
     1.60000      0.00000   0.00808   1.91661   4.04389  1   2.54658   1.74223   0.72338  1
     1.80000      0.00000   3.14534   1.21527   5.37132  1   1.85765   2.23208   0.45765  1
     2.00000      0.00000   0.00690   1.91847   4.04724  1   2.53275   1.73324   0.71995  1
     2.20000      0.00000   0.01305   1.91614   4.04939  1   1.86269   2.23312   0.45237  1
     2.40000      0.00000   0.00361   1.91050   4.03963  1   5.67742   1.40009   0.84539  1
     2.60000      0.00000   0.01201   1.92115   4.05403  1   1.86224   2.22440   0.45631  1
     2.80000      0.00000   3.13217   1.21554   5.39017  1   4.67974   0.08699   2.35481  1
     3.00000      0.00000   4.30163   2.38719   2.60879  1   5.67448   1.40802   0.83493  1
     3.20000      0.00000   0.01251   1.91924   4.05329  1   1.85939   2.24660   0.46438  1
     3.40000      0.00000   0.00255   1.92375   4.03821  1   2.53399   1.74719   0.72178  1
     3.60000      0.00000   0.00595   1.92683   4.04683  1   5.67558   1.42019   0.84615  1
     3.80000      0.00000   0.00302   1.91886   4.04313  1   3.90023   1.64271   6.21198  1
     4.00000      0.00000   4.28102   2.40745   5.73375  1   5.67135   1.41882   0.84504  1
     4.20000      0.00000   3.14549   1.22290   0.66186  1   2.52229   1.73058   0.71968  1
     4.40000      0.00000   4.29536   2.39827   5.74445  1   5.67639   1.40969   0.83405  1
     4.60000      0.00000   0.00716   1.91624   4.03644  1   2.53046   1.73217   0.73500  1
     4.80000      0.00000   0.01174   1.90955   4.04897  1   1.85655   2.22641   0.44705  1
     5.00000      0.00000   0.00134   1.91380   4.03174  1   5.67800   1.40050   0.84536  1
     5.20000      0.00000   0.01413   1.91831   4.04639  1   4.96498   0.96486   1.12736  1
     5.40000      0.00000   4.30086   2.40242   5.74504  1   5.67707   1.41087   0.85144  1
     5.60000      0.00000   4.28938   2.40220   5.74625  1   5.21951   2.27373   2.39455  1
     5.80000      0.00000   4.29745   2.38731   5.74603  1   5.67644   1.40960   0.83394  1
     6.00000      0.00000   4.29811   2.39594   5.74782  1   5.67644   1.40960   0.83394  1
     6.20000      0.00000   0.00344   1.91213   4.03755  1   4.94926   0.96311   1.13371  1
     6.40000      0.00000   3.14229   1.21751   5.38405  1   4.19188   1.01056   5.43078  1
     6.60000      0.00000   4.28269   2.40818   5.73666  1   4.17602   1.01536   5.42824  1
     6.80000      0.00000   0.00975   1.91704   4.05526  1   5.21440   2.25629   2.39041  1
     7.00000      0.00000   0.01053   1.91689   4.04896  1   4.95887   0.96023   1.13283  1
     7.20000      0.00000   0.01247   1.91836   4.04652  1   1.85807   2.24097   0.45375  1
     7.40000      0.00000   0.00179   1.92520   4.04190  1   5.67635   1.40955   0.83784  1
     7.60000      0.00000   6.28310   1.92422   4.03179  1   4.19541   0.99510   5.43579  1
     7.80000      0.00000   0.00370   1.91898   4.03790  1   4.64190   0.08874   2.40155  1
     8.00000      0.00000   0.00508   1.91717   4.03768  1   2.54310   1.74476   0.72316  1
     8.20000      0.00000   4.30555   2.39472   5.75267  1   5.67651   1.40951   0.83404  1
     8.40000      0.00000   6.28026   1.92601   4.03699  1   5.67209   1.40821   0.83671  1
     8.60000      0.00000   4.29464   2.39122   5.74924  1   5.67651   1.40951   0.83404  1
     8.80000      0.00000   0.01401   1.90883   4.05531  1   1.19351   1.57708   5.86648  1
     9.00000      0.00000   0.00174   1.91173   4.03941  1   4.17349   1.01826   5.44911  1
     9.20000      0.00000   4.29671   2.39413   5.74586  1   5.67651   1.40951   0.83404  1
     9.40000      0.00000   3.14104   1.21874   5.38119  1   2.54633   1.74199   0.72369  1
     9.60000      0.00000   4.31183   2.39778   2.62221  1   5.21317   2.25795   2.40458  1
     9.80000      0.00000   0.00792   1.92272   4.04595  1   1.85305   2.23973   0.45887  1
    10.00000      0.00000   6.28228   1.92386   4.03608  1   4.18807   1.01104   5.43208  1
    10.20000      0.00000   0.00664   1.90930   4.03948  1   4.19380   1.01507   5.44300  1
    10.40000      0.00000   0.00868   1.91513   4.05287  1   4.19271   1.02082   5.43951  1
    10.60000      0.00000   4.30448   2.38670   2.60295  1   5.68016   1.41020   0.84208  1
    10.80000      0.00000   4.30476   2.39511   5.76081  1   5.67371   1.39920   0.84448  1
    11.00000      0.00000   6.28271   1.91616   4.03300  1   2.53359   1.74451   0.72245  1
    11.20000      0.00000   0.00144   1.92037   4.04363  1   4.18771   1.01434   5.43851  1
    11.40000      0.00000   0.00027   1.91741   4.04183  1   2.52880   1.73857   0.72422  1
    11.60000      0.00000   4.30623   2.39530   5.75129  1   5.68246   1.40175   0.84283  1
    11.80000      0.00000   6.28232   1.92379   4.03604  1   5.67651   1.40951   0.83404  1
    12.00000      0.00000   4.27877   2.40123   5.73553  1   0.03338   1.90887   4.04672  1
    12.20000      0.00000   0.00358   1.92248   4.03932  1   4.19193   1.01067   5.43104  1
    12.40000      0.00000   0.00031   1.91959   4.04017  1   5.67658   1.40943   0.83414  1
    12.60000      0.00000   4.30036   2.39292   5.75021  1   5.67503   1.40816   0.84200  1
    12.80000      0.00000   0.01260   1.91336   4.05503  1   2.53414   1.72489   0.72194  1
    13.00000      0.00000   0.00208   1.92399   4.03783  1   5.68023   1.41011   0.84213  1
    13.20000      0.00000   0.00796   1.91457   4.03779  1   2.54633   1.74199   0.72369  1
    13.40000      0.00000   0.00042   1.91440   4.03991  1   3.89176   1.64170   6.22028  1
    13.60000      0.00000   0.00379   1.92116   4.03626  1   2.53504   1.73252   0.73577  1
    13.80000      0.00000   0.00257   1.91673   4.04389  1   2.52210   1.73040   0.71992  1
    14.00000      0.00000   0.00608   1.92415   4.04269  1   4.19591   1.01888   5.42696  1
    14.20000      0.00000   0.00651   1.91568   4.04009  1   5.67502   1.40814   0.84169  1
    14.40000      0.00000   0.00760   1.91418   4.04938  1   2.52777   1.73053   0.72086  1
    14.60000      0.00000   0.00700   1.91697   4.04496  1   4.19800   1.02676   5.43457  1
    14.80000      0.00000   6.28194   1.91792   4.04502  1   5.22211   2.25853   2.38893  1
    15.00000      0.00000   0.00566   1.91302   4.04821  1   1.84719   2.24185   0.44955  1
    15.20000      0.00000   4.30758   2.39616   2.61441  1   3.90040   1.64293   6.21197  1
    15.40000      0.00000   4.29831   2.39578   5.74638  1   5.67857   1.40873   0.84191  1
    15.60000      0.00000   6.28273   1.92076   4.04728  1   2.52582   1.72795   0.72142  1
    15.80000      0.00000   0.01125   1.91367   4.04428  1   4.26730   2.40596   2.58743  1
    16.00000      0.00000   4.29256   2.38897   5.74394  1   5.67271   1.40847   0.83657  1
    16.20000      0.00000   0.00250   1.92562   4.03669  1   5.68098   1.41059   0.83549  1
    16.40000      0.00000   4.29813   2.39545   5.75008  1   4.65105   0.09758   2.38885  1
    16.60000      0.00000   0.00636   1.91591   4.05044  1   1.85764   2.23213   0.45709  1
    16.80000      0.00000   4.29808   2.38712   2.60372  1   5.67635   1.40907   0.83483  1
     0.10000      0.17321   4.29628   2.39677   5.74116  1   5.67640   1.40985   0.84147  1
     0.30000      0.17321   6.27983   1.92489   4.03733  1   5.67623   1.40975   0.83786  1
     0.50000      0.17321   0.00143   1.91668   4.04022  1   1.75679   1.79744   6.20089  1
     0.70000      0.17321   0.00779   1.91292   4.04379  1   3.90017   1.64287   6.21167  1
     0.90000      0.17321   3.13576   1.21887   5.37756  1   5.21419   2.25646   2.39028  1
     1.10000      0.17321   4.30977   2.39052   2.61404  1   5.67474   1.40848   0.84144  1
     1.30000      0.17321   0.00588   1.91881   4.04130  1   1.86390   2.23872   0.46288  1
     1.50000      0.17321   0.00545   1.92311   4.04517  1   2.52863   1.72491   0.72081  1
     1.70000      0.17321   0.00588   1.91994   4.03905  1   2.54329   1.74495   0.72292  1
     1.90000      0.17321   0.01104   1.92198   4.04035  1   1.86579   2.25349   0.46970  1
     2.10000      0.17321   0.00707   1.91638   4.03422  1   5.68233   1.40193   0.84263  1
     2.30000      0.17321   0.00841   1.91567   4.04201  1   5.22950   2.26623   2.39238  1
     2.50000      0.17321   4.30827   2.39104   2.61363  1   5.67195   1.40839   0.83651  1
     2.70000      0.17321   0.00001   1.91576   4.03629  1   4.18945   1.00504   5.44087  1
     2.90000      0.17321   0.00768   1.91901   4.03918  1   2.54095   1.74012   0.72318  1
     3.10000      0.17321   4.29367   2.38965   5.74730  1   5.67448   1.40801   0.83479  1
     3.30000      0.17321   6.27801   1.92162   4.03673  1   4.18335   1.00416   5.43649  1
     3.50000      0.17321   0.00828   1.91256   4.04884  1   1.85767   2.23225   0.45760  1
     3.70000      0.17321   4.30200   2.39528   5.74785  1   5.68077   1.41086   0.83519  1
     3.90000      0.17321   4.30227   2.39101   2.60995  1   5.67488   1.40831   0.84160  1
     4.10000      0.17321   4.30713   2.40569   2.61351  1   1.86299   2.23794   0.46161  1
     4.30000      0.17321   4.28900   2.40619   5.73698  1   5.67094   1.41860   0.84753  1
     4.50000      0.17321   0.00659   1.91403   4.03727  1   4.95424   0.96427   1.13088  1
     4.70000      0.17321   0.00555   1.91898   4.04275  1   4.20011   1.02326   5.43059  1
     4.90000      0.17321   6.28300   1.91160   4.03723  1   4.94932   0.96299   1.13368  1
     5.10000      0.17321   4.30630   2.39459   2.60782  1   5.68239   1.40184   0.84273  1
     5.30000      0.17321   0.00760   1.92246   4.04735  1   2.53434   1.72508   0.72170  1
     5.50000      0.17321   0.00018   1.92192   4.03510  1   3.90429   1.63703   6.21903  1
     5.70000      0.17321   4.29790   2.39281   5.74386  1   5.67644   1.40960   0.83394  1
     5.90000      0.17321   0.00567   1.92066   4.04271  1   1.86391   2.23886   0.46270  1
     6.10000      0.17321   0.00589   1.91541   4.04204  1   1.85940   2.24671   0.46422  1
     6.30000      0.17321   0.00225   1.91257   4.03801  1   2.53393   1.74720   0.72204  1
     6.50000      0.17321   4.30552   2.39680   5.75795  1   3.89594   1.64223   6.21600  1
     6.70000      0.17321   3.13368   1.22013   5.38177  1   2.53045   1.73882   0.72536  1
     6.90000      0.17321   0.00084   1.91612   4.03714  1   2.53412   1.74738   0.72180  1
     7.10000      0.17321   0.00730   1.91967   4.04181  1   1.85307   2.23979   0.45899  1
     7.30000      0.17321   0.00123   1.92168   4.03805  1   2.53768   1.73607   0.72601  1
     7.50000      0.17321   0.01035   1.91217   4.04233  1   1.84720   2.24181   0.44991  1
     7.70000      0.17321   3.14273   1.21846   5.37919  1   2.53548   1.73483   0.72587  1
     7.90000      0.17321   0.00729   1.91536   4.04967  1   1.84718   2.24174   0.44979  1
     8.10000      0.17321   0.00786   1.92100   4.03986  1   2.54632   1.74199   0.72369  1
     8.30000      0.17321   6.28022   1.92171   4.04167  1   3.91167   1.62612   6.21439  1
     8.50000      0.17321   0.01047   1.92107   4.04337  1   1.86388   2.23863   0.46263  1
     8.70000      0.17321   6.28037   1.92729   4.03134  1   5.67651   1.40951   0.83404  1
     8.90000      0.17321   0.00153   1.91666   4.05021  1   4.17922   1.01552   5.43990  1
     9.10000      0.17321   0.00573   1.91127   4.03788  1   2.53698   1.74425   0.72279  1
     9.30000      0.17321   0.00390   1.91724   4.03923  1   2.54632   1.74199   0.72369  1
     9.50000      0.17321   4.29385   2.40667   5.74810  1   6.16060   0.97350   0.89533  1
     9.70000      0.17321   0.00690   1.91915   4.04003  1   4.20394   1.00143   5.43008  1
     9.90000      0.17321   0.00792   1.91899   4.03538  1   5.68246   1.40175   0.84283  1
    10.10000      0.17321   0.00303   1.91993   4.04165  1   5.67851   1.40884   0.84222  1
    10.30000      0.17321   4.29097   2.40544   5.73996  1   1.85173   2.23044   0.46130  1
    10.50000      0.17321   0.00143   1.92435   4.04058  1   2.54050   1.74176   0.72297  1
    10.70000      0.17321   4.30574   2.39586   5.75261  1   5.68106   1.40054   0.84532  1
    10.90000      0.17321   6.28316   1.92652   4.03745  1   5.67661   1.40960   0.84167  1
    11.10000      0.17321   4.28622   2.40458   5.73627  1   1.85170   2.23027   0.46134  1
    11.30000      0.17321   0.01077   1.91566   4.05253  1   1.85765   2.23216   0.45736  1
    11.50000      0.17321   0.00671   1.91629   4.03821  1   2.54004   1.74226   0.72392  1
    11.70000      0.17321   0.00028   1.91729   4.04160  1   1.85311   2.24011   0.45877  1
    11.90000      0.17321   0.00393   1.91761   4.03607  1   4.19115   1.01043   5.43258  1
    12.10000      0.17321   0.00091   1.92319   4.03628  1   5.68091   1.41068   0.83539  1
    12.30000      0.17321   6.28098   1.91610   4.03792  1   5.21475   2.25616   2.39068  1
    12.50000      0.17321   3.13345   1.22146   5.37957  1   2.52577   1.72792   0.72162  1
    12.70000      0.17321   4.29554   2.39714   5.74785  1   1.84850   2.24772   0.46002  1
    12.90000      0.17321   0.00472   1.91799   4.05036  1   1.85764   2.23209   0.45724  1
    13.10000      0.17321   6.28154   1.92280   4.03811  1   5.67658   1.40943   0.83414  1
    13.30000      0.17321   0.00883   1.91742   4.04047  1   5.68277   1.40186   0.84561  1
    13.50000      0.17321   4.29963   2.39095   2.60735  1   6.19651   0.98264   0.87141  1
    13.70000      0.17321   4.29462   2.38857   5.74320  1   5.67628   1.40916   0.83479  1
    13.90000      0.17321   0.00114   1.92113   4.04000  1   5.67216   1.40812   0.83681  1
    14.10000      0.17321   0.00889   1.91535   4.05372  1   1.84719   2.24189   0.44961  1
    14.30000      0.17321   3.13731   1.21284   5.38763  1   1.85937   2.24662   0.46397  1
    14.50000      0.17321   4.29906   2.39603   5.74892  1   5.67658   1.40943   0.83414  1
    14.70000      0.17321   3.13616   1.21157   5.38952  1   2.53641   1.73251   0.73569  1
    14.90000      0.17321   0.00230   1.92295   4.03546  1   4.18516   0.99664   5.43931  1
    15.10000      0.17321   0.00458   1.91998   4.04691  1   4.19116   1.01611   5.43498  1
    15.30000      0.17321   0.00101   1.91825   4.03756  1   2.53154   1.73864   0.72402  1
    15.50000      0.17321   0.00058   1.91590   4.04934  1   2.52229   1.73058   0.71968  1
    15.70000      0.17321   3.14287   1.21939   5.38666  1   3.90861   1.63755   6.21498  1
    15.90000      0.17321   0.00442   1.91826   4.05149  1   1.85169   2.23020   0.46122  1
    16.10000      0.17321   4.29883   2.39040   2.60468  1   0.04686   1.92109   4.06500  1
    16.30000      0.17321   4.29454   2.39726   5.74669  1   5.66962   1.40812   0.84278  1
    16.50000      0.17321   3.14346   1.21396   5.37121  1   2.53071   1.72385   0.72224  1
    16.70000      0.17321   0.00088   1.92209   4.03821  1   4.18342   1.00435   5.43708  1
     0.00000      0.34641   0.00484   1.92127   4.03977  1   4.19643   1.02172   5.43207  1
     0.20000      0.34641   4.30009   2.39311   5.74781  1   5.67637   1.40969   0.83383  1
     0.40000      0.34641   6.28298   1.91790   4.04026  1   1.85305   2.23966   0.45917  1
     0.60000      0.34641   0.00198   1.92162   4.03965  1   2.54042   1.74157   0.72269  1
     0.80000      0.34641   0.00384   1.91643   4.03741  1   5.68230   1.40181   0.84645  1
     1.00000      0.34641   0.00447   1.91378   4.04034  1   5.68233   1.40193   0.84263  1
     1.20000      0.34641   4.29602   2.39762   5.75050  1   5.67482   1.40842   0.84186  1
     1.40000      0.34641   0.00402   1.91226   4.04221  1   1.84718   2.24164   0.45002  1
     1.60000      0.34641   0.00446   1.91492   4.04262  1   1.83597   2.23378   0.45010  1
     1.80000      0.34641   3.14460   1.21814   5.37892  1   1.85308   2.23986   0.45911  1
     2.00000      0.34641   0.00354   1.92252   4.03835  1   5.68233   1.40193   0.84263  1
     2.20000      0.34641   0.00428   1.92166   4.04077  1   2.54081   1.74201   0.72240  1
     2.40000      0.34641   0.00391   1.91119   4.04054  1   1.05845   2.11000   3.98954  1
     2.60000      0.34641   0.00194   1.91909   4.03880  1   5.67637   1.40969   0.83383  1
     2.80000      0.34641   0.00635   1.92190   4.04470  1   1.85308   2.23986   0.45911  1
     3.00000      0.34641   0.00708   1.91412   4.05328  1   1.83173   2.19835   0.44389  1
     3.20000      0.34641   0.00182   1.92625   4.03358  1   2.54203   1.73248   0.73661  1
     3.40000      0.34641   0.00192   1.92533   4.03936  1   4.18332   1.00410   5.43660  1
     3.60000      0.34641   0.00497   1.91812   4.03870  1   2.54279   1.74446   0.72354  1
     3.80000      0.34641   4.30207   2.40543   2.60266  1   1.85764   2.23202   0.45753  1
     4.00000      0.34641   4.29997   2.39308   5.74697  1   5.67653   1.40968   0.84145  1
     4.20000      0.34641   6.28119   1.92141   4.03667  1   5.67476   1.40838   0.84380  1
     4.40000      0.34641   6.27939   1.91468   4.03978  1   5.67202   1.40830   0.83661  1
     4.60000      0.34641   0.00118   1.91476   4.04242  1   3.99591   2.12411   3.48643  1
     4.80000      0.34641   0.00426   1.91360   4.03926  1   2.53971   1.74738   0.72282  1
     5.00000      0.34641   0.00384   1.92050   4.04069  1   2.54658   1.74223   0.72338  1
     5.20000      0.34641   3.14038   1.21497   5.38395  1   3.90145   1.63543   6.20547  1
     5.40000      0.34641   4.29402   2.39468   5.74500  1   5.67218   1.40825   0.83278  1
     5.60000      0.34641   0.00345   1.91603   4.04311  1   4.75409   0.10641   2.28311  1
     5.80000      0.34641   4.29301   2.40515   5.74418  1   5.67100   1.41851   0.84747  1
     6.00000      0.34641   3.14391   1.22138   5.38021  1   1.85308   2.23990   0.45896  1
     6.20000      0.34641   6.28246   1.92098   4.03843  1   3.90150   1.63544   6.20554  1
     6.40000      0.34641   0.00848   1.91118   4.05041  1   1.83175   2.19834   0.44379  1
     6.60000      0.34641   3.14039   1.21497   5.38393  1   2.54632   1.74199   0.72369  1
     6.80000      0.34641   0.00409   1.91317   4.04110  1   2.52896   1.73879   0.72413  1
     7.00000      0.34641   0.00163   1.91496   4.03691  1   2.53412   1.74738   0.72181  1
     7.20000      0.34641   3.14253   1.21570   5.38071  1   1.85353   2.24471   0.46828  1
     7.40000      0.34641   4.30099   2.39153   2.60607  1   5.67653   1.40968   0.84145  1
     7.60000      0.34641   0.00180   1.92066   4.03597  1   4.18935   1.00650   5.44089  1
     7.80000      0.34641   3.13971   1.21565   5.37983  1   1.85799   2.23687   0.46668  1
     8.00000      0.34641   0.00107   1.92023   4.04211  1   4.19315   1.02150   5.43250  1
     8.20000      0.34641   3.14161   1.21606   5.39142  1   2.53640   1.73250   0.73569  1
     8.40000      0.34641   6.28199   1.92273   4.03679  1   5.67651   1.40952   0.83404  1
     8.60000      0.34641   4.30997   2.39205   2.61409  1   5.67651   1.40952   0.83404  1
     8.80000      0.34641   0.00025   1.91684   4.04429  1   5.67292   1.40905   0.84313  1
     9.00000      0.34641   0.00173   1.91967   4.04273  1   2.53539   1.73825   0.72520  1
     9.20000      0.34641   0.00883   1.91670   4.05144  1   1.85071   2.21699   0.45023  1
     9.40000      0.34641   4.30184   2.39369   2.61095  1   4.17754   1.01427   5.44175  1
     9.60000      0.34641   6.28241   1.92009   4.04724  1   1.85799   2.23687   0.46668  1
     9.80000      0.34641   0.00073   1.91486   4.03751  1   2.53291   1.73853   0.72528  1
    10.00000      0.34641   6.28116   1.91885   4.03942  1   4.18990   1.00813   5.43482  1
    10.20000      0.34641   0.00276   1.92533   4.05284  1   1.85168   2.23009   0.46139  1
    10.40000      0.34641   4.29600   2.39156   5.74883  1   5.67725   1.39952   0.83856  1
    10.60000      0.34641   0.01041   1.91317   4.04752  1   1.86267   2.23302   0.45212  1
    10.80000      0.34641   4.30492   2.38983   2.61131  1   5.67496   1.40824   0.84181  1
    11.00000      0.34641   0.00791   1.91704   4.03935  1   1.85488   2.25467   0.46545  1
    11.20000      0.34641   0.00995   1.92173   4.04574  1   2.52796   1.73071   0.72063  1
    11.40000      0.34641   0.00803   1.92091   4.04479  1   2.53291   1.73341   0.71972  1
    11.60000      0.34641   0.00800   1.91703   4.05264  1   5.67001   1.40950   0.85269  1
    11.80000      0.34641   6.28027   1.92606   4.03711  1   5.67203   1.40832   0.83684  1
    12.00000      0.34641   6.28315   1.92652   4.03738  1   5.67667   1.40950   0.84154  1
    12.20000      0.34641   0.00375   1.92088   4.04966  1   4.19202   1.01550   5.43060  1
    12.40000      0.34641   0.00147   1.91911   4.04088  1   4.61892   0.09453   2.41656  1
    12.60000      0.34641   0.01058   1.92094   4.04337  1   1.86389   2.23877   0.46245  1
    12.80000      0.34641   4.29765   2.39675   5.74967  1   5.67496   1.40809   0.84365  1
    13.00000      0.34641   0.00091   1.92098   4.04580  1   4.19189   1.01057   5.43122  1
    13.20000      0.34641   0.01259   1.91323   4.05367  1   4.96519   0.95845   1.12571  1
    13.40000      0.34641   4.29211   2.39713   5.74070  1   5.67430   1.41855   0.84120  1
    13.60000      0.34641   0.01199   1.91700   4.05220  1   1.84255   2.24988   0.45096  1
    13.80000      0.34641   6.27459   1.92225   4.03568  1   4.18340   1.00429   5.43695  1
    14.00000      0.34641   4.31011   2.39179   2.61587  1   5.67502   1.40815   0.84182  1
    14.20000      0.34641   0.00258   1.91725   4.03532  1   4.64001   0.08863   2.40360  1
    14.40000      0.34641   4.29782   2.40266   2.60069  1   1.85171   2.23031   0.46120  1
    14.60000      0.34641   4.30013   2.39434   5.74863  1   4.18344   1.00439   5.43677  1
    14.80000      0.34641   6.28147   1.92548   4.03776  1   5.67649   1.40937   0.83803  1
    15.00000      0.34641   4.29675   2.38847   5.74706  1   5.67628   1.40916   0.83479  1
    15.20000      0.34641   0.00193   1.91313   4.03869  1   3.90036   1.64270   6.21221  1
    15.40000      0.34641   4.30151   2.39853   5.75444  1   5.67305   1.40886   0.84311  1
    15.60000      0.34641   0.00098   1.91197   4.03547  1   2.53412   1.74738   0.72181  1
    15.80000      0.34641   3.13652   1.21373   5.39055  1   2.53640   1.73250   0.73569  1
