     0.00000      0.00000   4.51904   2.33468   4.76077  1   3.50852   1.06214   5.37516  1
    50.00000      0.00000   5.66086   2.36429   4.40372  1   5.65295   1.74810   3.57419  1
   100.00000      0.00000   1.87781   1.69598   5.59008  1   1.53145   1.32337   5.24516  1
   150.00000      0.00000   4.38517   1.23522   4.73435  1   5.36602   1.78632   3.49859  1
   200.00000      0.00000   3.99996   1.87266   0.40604  1   2.19806   1.11288   0.58077  1
   250.00000      0.00000   1.85150   1.70098   6.03610  1   1.01416   0.70848   3.25287  1
   300.00000      0.00000   0.56092   2.45840   4.30504  1   4.32755   1.35773   5.68205  1
   350.00000      0.00000   4.11240   1.50744   4.20404  1   6.06930   2.16201   1.21494  1
   400.00000      0.00000   2.04400   1.31539   0.73689  1   6.11903   1.00983   4.25347  1
   450.00000      0.00000   2.58183   0.58473   1.30469  1   1.43458   1.59476   0.08872  1
   500.00000      0.00000   5.45002   2.27171   2.68875  1   3.73730   2.59871   4.00805  1
   550.00000      0.00000   0.48980   2.67857   4.25204  1   4.22934   2.12840   5.56290  1
   600.00000      0.00000   2.21984   1.08222   2.78992  1   1.14811   1.27329   5.85573  1
   650.00000      0.00000   5.35879   2.02739   3.50363  1   5.70309   0.35056   4.75004  1
   700.00000      0.00000   3.52179   1.81645   0.80122  1   1.26599   2.02142   5.93969  1
   750.00000      0.00000   2.23684   0.79336   2.84719  1   3.42837   3.01321   0.61109  1
   800.00000      0.00000   0.43733   1.23795   1.00896  1   2.05825   2.92301   5.46802  1
   850.00000      0.00000   2.39198   1.53503   3.17121  1   0.89121   1.10746   4.35828  1
   900.00000      0.00000   3.71466   1.28121   5.51389  1   1.87410   0.84107   5.89096  1
   950.00000      0.00000   0.78772   2.72223   4.11287  1   5.48189   1.95731   4.36777  1
  1000.00000      0.00000   2.33701   1.14665   0.37102  1   5.31520   0.32881   2.86721  1
  1050.00000      0.00000   6.25155   0.57999   0.85930  1   5.84367   2.18044   0.87296  1
  1100.00000      0.00000   2.67916   0.96582   3.10512  1   2.30862   1.75006   0.69572  1
  1150.00000      0.00000   4.07646   2.41630   0.24873  1   3.43775   0.55490   2.53871  1
  1200.00000      0.00000   1.84952   1.15911   1.11374  1  12.56637  12.56637  12.56637  0
    25.00000     43.30127   1.01199   0.96468   6.23759  1   2.73487   1.17141   4.46618  1
    75.00000     43.30127   1.87717   1.69322   5.60451  1   2.68496   1.16430   2.84178  1
   125.00000     43.30127   3.54601   2.18957   1.82183  1   0.94515   1.38885   5.09158  1
   175.00000     43.30127   1.64512   1.45339   0.33754  1   0.17138   0.67141   0.61584  1
   225.00000     43.30127   2.18265   2.61038   4.85392  1   0.03468   0.98153   0.65903  1
   275.00000     43.30127   5.16157   2.08971   3.06707  1   0.03646   0.97531   0.64793  1
   325.00000     43.30127   5.16777   2.11079   3.07175  1   0.21606   1.89639   4.13842  1
   375.00000     43.30127   5.65802   2.10298   1.51578  1   2.29482   0.58216   3.75241  1
   425.00000     43.30127   1.10343   0.71200   5.42768  1   2.63019   1.62849   5.42549  1
   475.00000     43.30127   0.47684   2.60775   4.41547  1   4.18819   1.26477   5.55186  1
   525.00000     43.30127   4.33326   1.19510   5.69594  1   2.03002   1.23640   0.27140  1
   575.00000     43.30127   3.59836   2.68019   1.99126  1   0.46335   0.43136   1.17135  1
   625.00000     43.30127   2.24109   1.10384   2.76232  1   1.35998   1.33077   0.88708  1
   675.00000     43.30127   4.88412   2.84139   3.36778  1   5.46984   1.29224   4.52593  1
   725.00000     43.30127   0.46767   1.36402   0.78701  1   5.35024   1.42000   3.92605  1
   775.00000     43.30127   5.40461   2.33137   3.46489  1   3.92552   2.35316   4.95894  1
   825.00000     43.30127   4.35633   0.38887   4.87837  1   0.45419   0.93425   1.08018  1
   875.00000     43.30127   4.36487   0.44538   4.89342  1   4.85976   1.21087   2.30729  1
   975.00000     43.30127   2.73614   0.69841   3.23483  1   2.68349   1.07077   5.92780  1
  1025.00000     43.30127   0.38795   0.81121   0.61095  1   5.06419   2.78922   2.99253  1
  1075.00000     43.30127   4.25554   1.84822   5.24547  1   4.57114   1.95483   4.88885  1
  1125.00000     43.30127   1.76695   1.21357   0.57613  1   1.23477   0.72351   4.03584  1
  1175.00000     43.30127   4.81193   2.41213   5.28717  1   0.25775   1.71135   0.85019  1
     0.00000     86.60254   5.90006   1.61346   0.43253  1   1.11900   0.49136   3.22049  1
    50.00000     86.60254   3.91817   2.32212   5.88097  1   3.95484   2.29982   4.37646  1
   100.00000     86.60254   3.20226   0.59493   2.86073  1   4.94977   1.57568   0.16538  1
   150.00000     86.60254   3.16755   0.57154   2.90278  1   4.25676   1.43208   2.64272  1
   200.00000     86.60254   2.16259   1.49664   0.56966  1   4.72741   1.97553   3.25767  1
   250.00000     86.60254   2.09300   1.23402   0.39868  1   1.58615   1.87448   6.06016  1
   300.00000     86.60254   5.56179   1.47497   3.96260  1   1.82495   2.25091   0.44358  1
   350.00000     86.60254   3.82248   2.59878   4.98227  1   2.84934   1.61846   2.82353  1
   400.00000     86.60254   1.93944   1.88122   1.21407  1   2.93719   0.44292   0.59964  1
   450.00000     86.60254   1.10140   0.71636   5.44371  1   2.90530   1.27037   3.33799  1
   500.00000     86.60254   3.41839   0.56843   5.51044  1   1.13651   1.20986   5.85563  1
   550.00000     86.60254   5.95209   1.70321   3.85962  1   3.45540   0.91582   5.30670  1
   600.00000     86.60254   5.09478   1.87910   4.30055  1   5.91268   2.41857   3.86029  1
   650.00000     86.60254   1.78761   0.29920   2.86720  1   3.89745   2.63257   1.99281  1
   700.00000     86.60254   4.92116   2.85305   3.41089  1  12.56637  12.56637  12.56637  0
   750.00000     86.60254   2.10122   0.31533   1.10671  1   0.89679   0.52963   1.05055  1
   800.00000     86.60254   1.93238   1.17884   0.20569  1   1.72055   2.01859   3.98532  1
   850.00000     86.60254   2.20427   0.59189   1.57836  1   3.93723   2.19758   4.63488  1
   900.00000     86.60254   5.23429   1.35714   4.29616  1   3.96707   2.27095   1.48777  1
   950.00000     86.60254   5.22709   1.36467   2.75618  1   0.39665   1.96686   4.44177  1
  1000.00000     86.60254   3.60586   1.41102   0.77145  1   1.15704   2.21423   4.23627  1
  1050.00000     86.60254   2.40341   1.14924   2.28597  1   0.94267   1.28806   1.00522  1
  1100.00000     86.60254   5.41059   2.05069   3.25066  1   0.08696   2.13081   4.39221  1
  1150.00000     86.60254   4.89015   1.71435   3.88601  1   1.69867   1.44631   0.85266  1
  1200.00000     86.60254   5.24610   2.31083   0.24724  1   0.40935   1.35146   3.93541  1
    25.00000    129.90381   0.46206   3.06863   5.17858  1   3.17600   1.66890   6.22252  1
    75.00000    129.90381   4.70555   1.60083   4.77411  1   5.24473   2.30811   2.78269  1
   125.00000    129.90381   2.21739   1.53313   0.36099  1   2.69736   0.05661   5.35384  1
   175.00000    129.90381   5.67553   1.51659   4.01651  1   5.68533   1.47293   3.99683  1
   225.00000    129.90381   4.39293   2.20932   5.82334  1   1.23304   1.76250   5.81676  1
   275.00000    129.90381   3.21963   2.42545   2.45583  1   3.91051   1.52699   3.06415  1
   325.00000    129.90381   2.83761   0.61788   1.23564  1   3.85692   1.49279   2.64962  1
   375.00000    129.90381   5.37588   1.86191   3.98044  1   0.84143   1.85252   6.17442  1
   425.00000    129.90381   3.38186   0.56557   5.55814  1   4.33198   1.10189   5.78246  1
   475.00000    129.90381   5.72073   1.16159   0.37532  1   2.59128   2.01645   5.92072  1
   525.00000    129.90381   4.24047   1.29896   5.71520  1   2.43209   0.69119   0.01262  1
   575.00000    129.90381   5.11528   1.89504   4.30980  1   5.94781   2.42003   3.88483  1
   625.00000    129.90381   5.38345   2.37493   1.22907  1   5.42430   1.96826   1.75862  1
   675.00000    129.90381   4.21555   1.85071   4.79579  1   3.94797   2.44311   3.94111  1
   725.00000    129.90381   5.11424   1.42624   4.18046  1   5.27403   1.79739   1.35726  1
   775.00000    129.90381   3.61327   1.01136   5.75036  1   0.23463   1.89029   3.89002  1
   825.00000    129.90381   0.47606   0.92514   1.05161  1   2.28837   1.58697   3.43728  1
   875.00000    129.90381   2.55225   1.30542   2.69278  1   5.03784   1.79026   2.69557  1
   925.00000    129.90381   2.16900   0.73497   2.95011  1   4.22545   1.61529   3.18955  1
   975.00000    129.90381   3.97090   0.18396   0.40900  1   4.41879   1.38519   2.71276  1
  1075.00000    129.90381   0.07994   1.58839   0.70902  1   4.68909   2.27018   6.21122  1
  1125.00000    129.90381   2.95470   0.54135   2.97766  1   5.95027   2.26904   3.54329  1
  1175.00000    129.90381   5.43557   1.49546   4.06896  1   4.91783   2.10611   3.94916  1
     0.00000    173.20508   4.69791   1.59162   4.77761  1   1.05926   1.43289   4.31826  1
    50.00000    173.20508   5.53286   2.39708   2.42459  1   1.70055   0.92150   4.56429  1
   100.00000    173.20508   2.81826   1.16739   1.23753  1   3.20728   1.21367   0.04122  1
   150.00000    173.20508   2.39542   0.85121   2.87164  1   0.43435   1.67359   1.24248  1
   200.00000    173.20508   2.37850   0.84230   2.88898  1   2.32455   0.88632   1.38850  1
   250.00000    173.20508   2.30158   1.36097   0.83816  1   2.57519   0.97368   5.82746  1
   300.00000    173.20508   2.79168   0.59314   1.21125  1   5.48771   1.97069   3.90745  1
   350.00000    173.20508   5.37708   1.86222   3.99333  1   5.38825   1.91030   2.45253  1
   400.00000    173.20508   2.24157   1.29027   0.71716  1   2.53341   0.95516   1.06019  1
   450.00000    173.20508   6.10658   2.41243   4.03491  1   4.73334   1.50814   2.63845  1
   500.00000    173.20508   6.17716   0.62972   1.13675  1   1.96968   1.13441   0.17344  1
   550.00000    173.20508   1.03920   0.96365   5.90924  1   4.23890   1.33681   2.59945  1
   600.00000    173.20508   4.07712   1.30939   5.43249  1   2.78813   0.61433   0.43050  1
   650.00000    173.20508   4.61653   2.45966   5.01477  1   0.29081   1.87403   0.93884  1
   700.00000    173.20508   5.47305   1.79971   3.96542  1   0.42222   1.60018   1.01689  1
   750.00000    173.20508   4.39472   2.82442   6.01812  1  12.56637  12.56637  12.56637  0
   800.00000    173.20508   3.29380   0.68876   5.53793  1   0.12529   2.48824   3.89693  1
   850.00000    173.20508   2.07699   0.86391   1.10769  1   4.94542   1.69829   3.48829  1
   900.00000    173.20508   2.83154   0.56338   2.88682  1   4.63516   0.52729   1.88177  1
   950.00000    173.20508   1.30044   1.53549   0.05062  1   4.54701   1.25662   2.56855  1
  1000.00000    173.20508   1.62263   2.59676   4.55471  1   5.96648   0.85562   0.75692  1
  1050.00000    173.20508   1.63461   2.57792   4.56119  1   5.95221   0.85831   0.77626  1
  1100.00000    173.20508   3.82073   2.57356   5.81617  1   3.99818   1.65559   0.67605  1
  1150.00000    173.20508   1.05592   1.44184   0.64427  1   5.79386   2.31033   1.75240  1
  1200.00000    173.20508   5.42932   1.46839   4.03697  1   1.58862   2.11685   0.42372  1
    25.00000    216.50635   2.24197   2.60890   5.36910  1   5.23495   1.35901   5.08432  1
    75.00000    216.50635   4.65238   2.41447   6.12556  1   1.65002   0.72900   3.20374  1
   125.00000    216.50635   5.10033   1.70669   3.85430  1   1.17226   1.76444   6.18746  1
   175.00000    216.50635   2.87147   0.76554   2.87354  1   3.92674   1.53525   2.79242  1
   225.00000    216.50635   1.44688   0.67565   6.28079  1   3.67317   1.12102   5.23866  1
   275.00000    216.50635   4.67537   0.47376   4.97082  1   3.26141   1.65978   5.74919  1
   325.00000    216.50635   5.63034   1.50085   1.37578  1   3.06942   2.19572   5.97733  1
   375.00000    216.50635   2.26907   2.67882   5.21110  1   3.56604   2.53512   0.10536  1
   425.00000    216.50635   5.65514   1.66485   4.00033  1   5.03326   0.86532   1.57541  1
   475.00000    216.50635   2.37805   1.88341   0.94096  1   5.99382   1.89346   3.77838  1
   525.00000    216.50635   6.18201   0.61340   1.13401  1   1.44555   1.44189   5.05237  1
   575.00000    216.50635   6.20555   0.61145   1.10454  1   4.07806   1.76835   2.96619  1
   625.00000    216.50635   4.80254   1.66888   3.30935  1   0.23631   2.11920   0.78038  1
   675.00000    216.50635   0.60673   0.78471   5.95862  1   3.52973   2.36556   3.28448  1
   725.00000    216.50635   4.25704   2.03523   3.70669  1   5.60217   1.91540   1.17888  1
   775.00000    216.50635   0.16092   2.44556   3.90241  1   2.39646   0.63209   1.31383  1
   825.00000    216.50635   4.43512   2.80585   6.05783  1   0.70356   1.85905   6.09026  1
   875.00000    216.50635   4.79937   2.93761   3.29620  1   5.02933   2.30573   1.19906  1
   925.00000    216.50635   1.64896   0.23565   4.55779  1   1.19156   0.83240   4.24215  1
   975.00000    216.50635   2.47817   0.96833   2.86693  1   1.30561   0.65108   4.37860  1
  1025.00000    216.50635   1.37418   1.16559   5.63951  1   4.47609   2.60975   0.59121  1
  1075.00000    216.50635   3.78986   2.58242   5.79380  1   1.66612   1.78116   5.53655  1
  1125.00000    216.50635   3.84062   2.59378   5.83291  1   1.98021   1.74808   0.51592  1
  1175.00000    216.50635   1.60821   2.68668   4.53604  1   6.04313   0.81470   0.64343  1
    50.00000    259.80762   1.50881   0.73441   4.86988  1   2.58541   1.97543   5.34340  1
   100.00000    259.80762   4.65615   2.40427   2.98756  1   5.73260   1.15654   0.93424  1
   150.00000    259.80762   1.46841   0.64440   6.26934  1   1.56010   0.65584   6.18793  1
   200.00000    259.80762   4.59431   2.47768   4.71440  1   0.54499   2.01873   1.06209  1
   250.00000    259.80762   4.59192   2.48194   4.71541  1   0.54347   2.01617   1.05983  1
   300.00000    259.80762   1.59687   1.71258   5.70851  1   1.13939   1.02421   4.85957  1
   350.00000    259.80762   2.28497   2.66199   5.25216  1   6.18928   1.09805   0.47191  1
   400.00000    259.80762   5.66451   1.64803   4.00191  1   3.20510   1.04018   5.21486  1
   450.00000    259.80762   2.27727   2.67838   5.23749  1   5.53879   2.04343   1.62809  1
   500.00000    259.80762   2.35769   0.80853   3.40530  1   4.66095   1.94116   1.78110  1
   550.00000    259.80762   1.61546   2.84422   5.09630  1   4.81531   1.13467   5.20244  1
   600.00000    259.80762   5.11531   1.46400   5.60985  1   6.26351   2.69854   5.49109  1
   650.00000    259.80762   5.09614   1.31785   0.80412  1   5.55462   0.53195   4.57896  1
   700.00000    259.80762   1.99996   0.63587   2.30227  1   5.93578   1.15862   1.13874  1
   750.00000    259.80762   4.25280   2.02293   5.26101  1   4.18862   1.19334   5.89766  1
   800.00000    259.80762   3.31308   0.70503   5.52028  1   4.19225   1.20197   5.89122  1
   850.00000    259.80762   4.40624   2.81273   6.04179  1   1.45597   1.10026   0.08674  1
   900.00000    259.80762   1.69409   0.20589   4.50786  1   1.51990   0.98796   6.23403  1
   950.00000    259.80762   5.77960   1.63737   3.81087  1   0.90422   1.03814   2.48946  1
  1000.00000    259.80762   2.90443   0.67124   3.22457  1   4.24197   1.28471   2.79735  1
  1050.00000    259.80762   4.51392   1.96222   2.23891  1   3.47670   1.17125   5.94178  1
  1100.00000    259.80762   5.81302   1.80242   4.23679  1   3.85322   0.31122   2.65733  1
  1150.00000    259.80762   2.32985   0.82404   2.95248  1   1.17590   2.00244   3.98249  1
  1200.00000    259.80762   1.81715   1.07543   4.61736  1   2.85959   2.31462   5.58194  1
    25.00000    303.10889   2.61976   0.81138   1.39902  1   3.72070   2.47931   3.12555  1
    75.00000    303.10889   2.10100   0.07103   4.10184  1   5.39903   2.10920   1.31339  1
   125.00000    303.10889   1.48554   1.61441   6.22659  1   1.51007   2.82565   5.79724  1
   175.00000    303.10889   1.11017   1.39235   0.83605  1   1.72084   1.19079   6.21568  1
   225.00000    303.10889   1.90186   0.73436   5.95011  1   2.58971   1.96742   2.90080  1
   275.00000    303.10889   2.89750   0.53179   3.40315  1   2.47149   1.42626   0.01533  1
   325.00000    303.10889   4.77849   1.57671   3.81700  1   1.26166   1.84492   3.56223  1
   375.00000    303.10889   4.80360   2.25474   5.89435  1   6.11854   1.26579   0.72775  1
   425.00000    303.10889   1.47618   1.39239   0.82594  1   5.65208   1.78917   3.52680  1
   475.00000    303.10889   6.05543   2.83746   4.33570  1   0.73926   1.58228   0.67073  1
   525.00000    303.10889   4.47573   1.70204   3.76583  1   2.15439   1.12588   2.91202  1
   575.00000    303.10889   3.65962   2.43903   1.71087  1   1.98940   1.67636   6.20578  1
   625.00000    303.10889   5.13396   1.49107   4.02723  1   0.33781   0.38181   3.48689  1
   675.00000    303.10889   0.23691   1.14622   0.78520  1   4.15083   1.64364   3.20213  1
   725.00000    303.10889   2.85757   2.51472   5.83899  1   5.52713   1.36523   1.63564  1
   775.00000    303.10889   0.39478   1.27123   0.91145  1   1.76084   1.95950   0.19401  1
   825.00000    303.10889   1.77792   2.97987   5.60622  1   4.48641   1.36860   4.31078  1
   875.00000    303.10889   5.71533   1.65977   3.85325  1   1.03257   0.43419   1.14690  1
   925.00000    303.10889   2.09232   2.94434   0.33581  1   2.27867   0.66428   5.11911  1
   975.00000    303.10889   5.80084   1.63261   3.79795  1   4.58102   1.47528   5.38659  1
  1025.00000    303.10889   1.41731   1.64551   5.59464  1   2.24761   1.12557   4.38053  1
  1075.00000    303.10889   1.20821   1.37198   1.02419  1   0.33195   1.39496   0.58501  1
  1125.00000    303.10889   4.34500   1.78723   5.24208  1   1.69121   2.03717   0.18502  1
  1175.00000    303.10889   5.17832   2.16527   3.34397  1   6.04497   0.80347   0.87894  1
     0.00000    346.41016   2.78048   0.83515   1.04986  1   0.83635   1.13965   3.95579  1
    50.00000    346.41016   0.78386   0.71059   5.38969  1   4.16259   1.79570   3.33319  1
   100.00000    346.41016   4.65208   1.57101   4.70012  1   5.41722   2.18324   1.29546  1
   150.00000    346.41016   1.47603   1.62640   6.22616  1   6.05427   1.94928   4.21290  1
   200.00000    346.41016   2.34358   1.86926   5.73774  1   4.08266   2.01226   0.35553  1
   250.00000    346.41016   0.34005   2.53473   4.19053  1   6.21661   0.64901   1.02715  1
   300.00000    346.41016   3.47047   0.58357   5.22291  1   0.16288   2.69029   5.63820  1
   350.00000    346.41016   1.65509   1.18926   0.04841  1   1.60475   0.55005   3.22464  1
   400.00000    346.41016   6.05074   1.93568   3.61725  1   5.98031   1.95575   3.55546  1
   450.00000    346.41016   4.74704   0.86266   5.17674  1   2.26601   0.85110   1.12150  1
   500.00000    346.41016   1.98545   1.67268   0.67484  1   3.65777   2.44382   2.50303  1
   550.00000    346.41016   1.99936   1.66976   0.68230  1   4.91933   1.92125   2.18156  1
   600.00000    346.41016   5.13240   1.49676   4.01796  1   2.81175   1.44928   2.87864  1
   650.00000    346.41016   1.28061   0.48651   4.93389  1   2.21506   1.50826   5.90182  1
   700.00000    346.41016   4.79269   1.82323   4.13688  1   2.30425   2.97297   1.02066  1
   750.00000    346.41016   2.33415   0.71464   1.10005  1   3.72607   2.19398   3.51096  1
   800.00000    346.41016   3.54252   1.86901   0.66500  1   2.38347   0.74477   1.08361  1
   850.00000    346.41016   4.62350   1.99527   4.80217  1   0.24273   2.19067   0.53132  1
   900.00000    346.41016   5.33892   2.50668   2.63782  1   2.93407   0.47273   0.33099  1
   950.00000    346.41016   1.16005   2.45753   0.12659  1   2.71373   0.70868   3.03574  1
  1000.00000    346.41016   5.78635   1.66972   3.81609  1   0.40047   2.49704   0.81864  1
  1050.00000    346.41016   3.03676   0.36363   2.77694  1   3.49168   2.14281   3.04913  1
  1100.00000    346.41016   3.15623   0.52933   2.73739  1   0.71388   0.50398   4.01440  1
  1150.00000    346.41016   3.14743   0.56161   2.73377  1   1.17133   1.28981   5.86284  1
  1200.00000    346.41016   4.16920   1.94291   5.64844  1   2.36102   0.82754   3.34799  1
    25.00000    389.71143   3.57342   0.53801   2.78532  1   4.50587   0.07027   5.39828  1
    75.00000    389.71143   0.83017   1.44902   0.61956  1   2.06262   1.46714   6.26421  1
   125.00000    389.71143   2.57890   0.88797   3.01994  1   3.72100   1.51775   2.96372  1
   175.00000    389.71143   2.33707   1.84937   1.01172  1   0.93856   1.10322   1.24236  1
   225.00000    389.71143   1.92474   0.68257   5.94134  1   3.84561   1.29021   5.35375  1
   275.00000    389.71143   5.30946   1.69875   4.00425  1  12.56637  12.56637  12.56637  0
   325.00000    389.71143   3.57173   2.38219   1.38750  1  12.56637  12.56637  12.56637  0
   375.00000    389.71143   4.45381   1.14724   5.60268  1   2.07387   1.19806   0.37750  1
   425.00000    389.71143   0.24612   0.78757   0.90271  1   2.67443   1.32884   0.00858  1
   475.00000    389.71143   2.25438   0.83814   1.10638  1   0.97410   3.12224   4.54450  1
   525.00000    389.71143   4.76222   1.69827   4.19906  1   1.60021   1.38340   5.23195  1
   575.00000    389.71143   1.99030   1.66363   0.66454  1   6.27794   2.70371   5.49542  1
   625.00000    389.71143   0.78527   1.60898   0.49902  1   0.69053   0.10184   2.87106  1
   675.00000    389.71143   3.02269   0.69655   2.75946  1   4.52200   0.59974   2.14040  1
   725.00000    389.71143   1.54920   1.06012   6.17864  1   4.86478   2.71558   4.96189  1
   775.00000    389.71143   1.53799   1.05532   6.18531  1   4.03468   0.71997   5.56446  1
   825.00000    389.71143   5.19083   1.29736   5.05168  1   5.28734   1.78325   1.52820  1
   875.00000    389.71143   1.32900   2.85220   4.97293  1   4.31095   1.49288   2.57639  1
   925.00000    389.71143   5.34506   2.50361   2.66480  1   3.51960   1.74263   0.61890  1
   975.00000    389.71143   2.90054   0.63743   2.96703  1   4.56072   2.10207   4.11882  1
  1025.00000    389.71143   1.05931   0.95637   5.71816  1   2.75966   1.39474   5.65055  1
  1075.00000    389.71143   1.94694   1.19173   0.47596  1   5.94357   2.50036   3.88383  1
  1125.00000    389.71143   2.88723   2.54170   0.84437  1   0.25701   0.95604   3.88987  1
  1175.00000    389.71143   2.19721   1.86803   1.04391  1   4.03857   1.23721   5.70621  1
     0.00000    433.01270   5.14933   2.10240   5.75017  1   0.29989   1.35913   0.54543  1
    50.00000    433.01270   2.01146   1.05280   0.54131  1   5.17566   2.11368   2.66082  1
   100.00000    433.01270   1.41164   0.80075   6.09884  1   3.42781   1.15276   5.41715  1
   150.00000    433.01270   1.98728   1.90848   1.15519  1   2.11134   1.42689   6.25705  1
   200.00000    433.01270   5.12459   2.45586   5.08733  1   0.74135   1.83153   0.94457  1
   250.00000    433.01270   3.59177   2.39668   1.38405  1   2.80491   1.23395   3.02287  1
   300.00000    433.01270   5.10834   2.70973   4.97205  1   5.10919   1.77106   3.91205  1
   350.00000    433.01270   2.94743   0.78770   4.78993  1   2.93257   1.83354   2.62003  1
   400.00000    433.01270   2.56082   0.97958   2.11371  1   1.09490   1.55453   4.94789  1
   450.00000    433.01270   2.55107   0.97206   2.10403  1   2.67309   1.31835   6.27320  1
   500.00000    433.01270   3.50302   0.43111   5.34580  1   5.74889   2.27327   4.02557  1
   550.00000    433.01270   1.65761   1.16802   0.83764  1   6.00776   2.63593   5.97609  1
   600.00000    433.01270   4.59732   1.08788   1.35081  1   2.23982   1.77000   5.21029  1
   650.00000    433.01270   2.41853   2.63404   4.53552  1   4.13505   0.88131   2.06084  1
   700.00000    433.01270   3.05437   0.69048   2.71718  1   4.01534   1.57597   2.67509  1
   750.00000    433.01270   1.52537   1.06885   6.22418  1   3.50606   0.94565   5.64527  1
   800.00000    433.01270   5.66681   2.17379   4.40977  1   2.39721   1.79688   0.97450  1
   850.00000    433.01270   4.47139   1.99778   4.88019  1   2.87420   1.76446   2.72385  1
   900.00000    433.01270   5.97922   1.45403   0.42284  1   1.56674   0.38242   5.95144  1
   950.00000    433.01270   1.32657   1.11697   6.16025  1   5.70177   1.71846   4.09874  1
  1000.00000    433.01270   4.93685   1.77513   3.84288  1   3.59224   0.69071   2.82439  1
  1050.00000    433.01270   0.79558   0.19849   5.42397  1   2.10224   1.39755   0.83173  1
  1100.00000    433.01270   2.87046   2.52878   0.82898  1   5.95948   2.52598   3.88254  1
  1150.00000    433.01270   4.15520   1.40738   3.03998  1   3.71914   2.27844   0.26158  1
  1200.00000    433.01270   2.44183   2.40074   5.06855  1   1.29022   2.32976   5.77134  1
    25.00000    476.31397   4.59448   0.32340   4.71938  1   4.10286   0.67756   5.43932  1
    75.00000    476.31397   1.40203   0.79457   6.10692  1   3.42461   1.15080   5.41704  1
   125.00000    476.31397   0.49084   2.32448   6.05294  1   0.30520   2.00021   4.02823  1
   175.00000    476.31397   5.31833   1.37691   3.92435  1   5.49125   2.49287   0.13833  1
   225.00000    476.31397   4.79103   1.55377   5.02505  1   1.41664   1.95657   3.91050  1
   275.00000    476.31397   5.96693   2.05151   3.72165  1   5.57787   2.25921   2.92173  1
   325.00000    476.31397   2.52246   1.67095   2.53099  1   5.91304   1.92200   1.79784  1
   375.00000    476.31397   2.16878   1.02750   3.10704  1   2.49938   0.88665   3.36824  1
   425.00000    476.31397   3.08141   1.37295   2.93348  1   4.50384   1.61935   5.28634  1
   475.00000    476.31397   4.96572   2.34575   0.06704  1   5.86161   1.00297   0.98042  1
   525.00000    476.31397   4.80814   1.97769   5.46217  1   0.11020   1.60132   0.41196  1
   575.00000    476.31397   4.80308   1.97260   5.45589  1   0.11858   1.61329   0.41381  1
   625.00000    476.31397   4.81776   1.97668   5.47298  1   0.10998   1.60100   0.40947  1
   675.00000    476.31397   6.19207   0.56020   4.12177  1   1.23408   1.40321   0.36373  1
   725.00000    476.31397   2.72494   2.78013   0.18968  1   5.15168   1.92845   1.68407  1
   775.00000    476.31397   5.43928   2.29287   2.41987  1   0.58147   0.37414   1.22932  1
   825.00000    476.31397   0.96432   2.63512   4.36777  1   0.04860   1.15491   0.81850  1
   875.00000    476.31397   4.49611   2.03104   4.88695  1   0.08607   2.11047   0.54822  1
   925.00000    476.31397   4.46863   2.01412   4.86869  1   0.35712   0.82625   4.20622  1
   975.00000    476.31397   3.56798   1.50833   5.66900  1   5.20576   0.74099   4.61117  1
  1025.00000    476.31397   5.51901   2.57274   3.43349  1   4.69258   1.27086   2.33840  1
  1075.00000    476.31397   1.30732   0.49294   4.89870  1   4.58203   2.01191   3.04901  1
  1125.00000    476.31397   2.32632   1.04321   0.00625  1   2.37354   1.05502   6.24044  1
  1175.00000    476.31397   4.88283   1.86116   3.76769  1   2.98336   2.65434   1.51902  1
     0.00000    519.61524   2.57004   0.68816   3.12789  1   3.27242   1.74296   5.95732  1
    50.00000    519.61524   0.12893   0.84711   0.42982  1   3.01446   2.94898   0.03705  1
   100.00000    519.61524   3.51143   0.39011   2.32961  1   1.96680   1.80892   3.39460  1
   150.00000    519.61524   2.06526   2.21898   4.91762  1   1.35146   0.42094   4.05981  1
   200.00000    519.61524   5.82586   2.04884   3.85297  1   5.92048   1.98931   0.74720  1
   250.00000    519.61524   5.83820   2.07633   3.85315  1   5.82941   2.13471   3.89014  1
   300.00000    519.61524   0.81274   1.86384   0.32304  1   3.01859   2.67838   2.28359  1
   350.00000    519.61524   4.30534   2.69830   4.74604  1   5.33720   2.36425   2.49263  1
   400.00000    519.61524   2.19304   1.07112   6.14755  1   2.24629   1.09185   6.09809  1
   450.00000    519.61524   4.21134   1.56000   5.64184  1   1.72122   1.38588   6.16269  1
   500.00000    519.61524   2.62828   0.60361   5.30034  1   1.70509   1.74963   5.88474  1
   550.00000    519.61524   2.88349   2.24563   5.75594  1   1.75606   2.71970   0.09170  1
   600.00000    519.61524   1.66193   1.15854   5.53079  1   3.24512   1.53705   5.86521  1
   650.00000    519.61524   1.67011   1.16507   5.52164  1   3.25276   1.54548   5.87461  1
   700.00000    519.61524   2.79215   2.75810   1.81745  1   5.46439   2.42763   0.96329  1
   750.00000    519.61524   4.38551   1.09315   5.43391  1   6.01956   1.27692   3.80746  1
   800.00000    519.61524   1.71730   1.27010   1.01058  1   3.55291   2.49381   0.33249  1
   850.00000    519.61524   1.97698   2.48566   4.76143  1   4.27933   1.70117   2.95648  1
   900.00000    519.61524   3.57393   1.53466   5.67204  1   5.23204   2.06650   0.78769  1
   950.00000    519.61524   1.22585   2.04379   0.17607  1   3.40958   1.90567   6.18298  1
  1000.00000    519.61524   0.08921   1.61471   0.64105  1   0.63671   2.21309   3.98095  1
  1050.00000    519.61524   1.76506   1.28790   0.90639  1   3.36468   1.45350   6.00159  1
  1100.00000    519.61524   4.88078   1.86505   3.78072  1   3.34944   1.43385   5.97903  1
  1150.00000    519.61524   4.87918   1.86691   3.78718  1   2.11044   1.45487   6.05386  1
  1200.00000    519.61524   1.09989   0.64551   5.12961  1   3.33983   1.63504   1.03309  1
    25.00000    562.91651   0.50716   0.83277   4.91361  1   2.13411   0.46659   1.42399  1
    75.00000    562.91651   1.43413   0.82415   0.69717  1   4.60139   2.28514   2.46586  1
   125.00000    562.91651   5.11137   2.49711   1.66423  1   1.27838   1.03251   4.25629  1
   175.00000    562.91651   0.20847   0.53677   0.73914  1   0.11828   2.45182   3.87004  1
   225.00000    562.91651   2.69177   1.08209   0.86361  1   4.50185   2.27404   4.21565  1
   275.00000    562.91651   2.67235   1.07875   0.87308  1   1.88956   1.78330   5.34214  1
   325.00000    562.91651   1.16081   1.59533   3.93069  1   5.97947   1.79418   3.69019  1
   375.00000    562.91651   1.68164   0.26905   4.52498  1   4.41925   1.93046   5.61687  1
   425.00000    562.91651   1.32134   2.82009   4.83152  1   5.24441   1.58659   5.89118  1
   475.00000    562.91651   5.06415   1.74078   4.12618  1   2.81041   0.85655   6.22132  1
   525.00000    562.91651   4.81207   1.99259   5.47345  1   3.69228   0.87720   2.54255  1
   575.00000    562.91651   1.66502   1.16412   5.53487  1   3.25014   1.53536   5.87540  1
   625.00000    562.91651   4.80783   1.98383   5.47209  1   0.11075   1.59665   0.41557  1
   675.00000    562.91651   2.78820   1.03682   1.30629  1   4.51862   1.48221   0.59731  1
   725.00000    562.91651   1.11388   0.86487   5.63207  1   1.23518   1.82427   4.58241  1
   775.00000    562.91651   5.46265   2.31801   2.47101  1   0.64321   2.82066   4.43394  1
   825.00000    562.91651   2.45836   0.19207   3.67131  1   6.16269   2.13440   3.69960  1
   875.00000    562.91651   5.02185   2.25307   1.11083  1   0.40465   1.12243   1.39819  1
   925.00000    562.91651   2.24151   0.89206   4.86316  1   2.17917   0.57967   3.63748  1
   975.00000    562.91651   2.70140   2.11743   0.77214  1   3.23348   1.51689   5.62344  1
  1025.00000    562.91651   4.77776   2.21420   6.24793  1   5.83214   0.99546   0.80209  1
  1075.00000    562.91651   0.07190   1.55997   0.66023  1   1.54451   0.88290   3.18305  1
  1125.00000    562.91651   6.27468   0.95433   0.37077  1   0.57877   2.40027   0.48078  1
  1175.00000    562.91651   5.71265   1.67105   4.52633  1   5.54399   2.14179   0.94422  1
     0.00000    606.21778   2.57451   2.15838   0.00762  1   3.37094   1.19514   0.09978  1
    50.00000    606.21778   4.05811   1.34784   2.97727  1   0.46380   0.60656   5.05105  1
   100.00000    606.21778   5.39118   0.24099   1.26570  1   5.46335   1.90924   1.10491  1
   150.00000    606.21778   3.83644   1.47224   2.84493  1   6.26343   2.17990   0.94978  1
   200.00000    606.21778   5.83950   1.09123   0.47507  1   6.18522   1.80542   3.57394  1
   250.00000    606.21778   5.83075   2.06883   3.85904  1   1.84257   0.38217   5.33425  1
   300.00000    606.21778   0.44609   2.30107   3.71593  1   4.82814   2.05790   5.51815  1
   350.00000    606.21778   5.30341   2.02460   6.26466  1   4.52605   1.56847   3.12037  1
   400.00000    606.21778   5.28117   2.11299   3.12298  1   4.64596   1.35632   1.98308  1
   450.00000    606.21778   4.74744   2.70711   0.95053  1   3.99683   2.00245   6.11295  1
   500.00000    606.21778   5.07630   1.75957   4.12822  1   6.10820   0.17824   1.69616  1
   550.00000    606.21778   0.87271   0.71140   5.48763  1   5.17970   0.24949   1.73269  1
   600.00000    606.21778   3.50390   1.01575   5.65732  1   2.52608   2.30721   5.52372  1
   650.00000    606.21778   3.39185   2.17655   1.33248  1   0.23714   0.53103   1.37664  1
   700.00000    606.21778   1.07744   0.28682   0.13725  1   5.63831   2.06492   0.83225  1
   750.00000    606.21778   4.90896   2.81332   1.77193  1   4.85774   1.71906   2.92870  1
   800.00000    606.21778   0.95750   1.19221   0.87902  1   1.83306   1.12645   5.93593  1
   850.00000    606.21778   4.21109   2.25531   6.18527  1   2.97088   1.84269   2.03330  1
   900.00000    606.21778   2.89381   2.65695   0.99124  1   3.90545   1.38595   5.42914  1
   950.00000    606.21778   5.15051   1.44149   3.86638  1   5.11556   1.46059   3.86259  1
  1000.00000    606.21778   6.28033   2.33518   0.59961  1   5.24707   0.45996   0.97790  1
  1050.00000    606.21778   3.09035   0.77849   1.03651  1   2.15587   2.69587   0.65484  1
  1100.00000    606.21778   0.99841   1.74272   0.07444  1   5.21171   1.62684   1.74473  1
  1150.00000    606.21778   2.56360   1.49168   3.30789  1   5.12834   1.33184   5.46281  1
  1200.00000    606.21778   0.70121   0.66182   6.12810  1   5.21019   2.83222   2.11947  1
    25.00000    649.51905   2.11877   1.19513   1.04793  1   5.25579   0.21661   4.43342  1
    75.00000    649.51905   3.68249   0.53460   5.26072  1   0.60918   0.98971   5.86003  1
   125.00000    649.51905   0.31794   0.17499   4.65193  1   2.55741   1.11844   5.64319  1
   175.00000    649.51905   4.55272   2.01678   3.79149  1   4.95776   2.61693   4.95159  1
   225.00000    649.51905   1.36966   1.14360   5.73880  1   2.89902   1.73419   5.50132  1
   275.00000    649.51905   4.73580   1.69674   0.05856  1   5.77736   1.16150   0.25874  1
   325.00000    649.51905   5.31487   1.26343   4.24608  1  12.56637  12.56637  12.56637  0
   375.00000    649.51905   3.92734   0.73840   1.84773  1   3.11132   1.18945   0.90714  1
   425.00000    649.51905   5.31271   2.15022   3.15128  1   0.07801   2.25974   4.44640  1
   475.00000    649.51905   6.24505   0.66574   0.68525  1   2.55454   2.18590   0.99017  1
   525.00000    649.51905   4.00289   1.22547   5.52009  1   3.96348   1.20648   5.54197  1
   575.00000    649.51905   2.08485   1.70191   1.08038  1   3.75277   2.06681   1.71245  1
   625.00000    649.51905   4.16860   2.84612   2.94707  1   1.33211   1.37007   0.32614  1
   675.00000    649.51905   1.56541   1.86543   6.19057  1   5.12193   2.82119   3.50454  1
   725.00000    649.51905   1.77274   0.32833   2.93527  1   5.08699   2.17921   1.19132  1
   775.00000    649.51905   6.10196   2.37650   3.71865  1   0.34851   2.13469   0.51707  1
   825.00000    649.51905   2.70801   1.49982   0.87474  1   3.30148   0.93885   5.36879  1
   875.00000    649.51905   2.89140   2.65692   0.98359  1   0.19134   1.21776   3.41710  1
   925.00000    649.51905   4.98796   1.81290   4.33033  1   5.97659   1.81913   4.04085  1
   975.00000    649.51905   2.77821   2.01305   5.51979  1   1.90221   2.44602   4.95506  1
  1025.00000    649.51905   3.10465   0.76518   1.01516  1   2.39397   2.15017   1.09809  1
  1075.00000    649.51905   3.10804   0.79316   1.01193  1   0.95415   1.50360   4.56143  1
  1125.00000    649.51905   2.93392   0.69744   2.93403  1   0.79789   0.22731   2.79094  1
  1175.00000    649.51905   1.79998   1.31235   0.68598  1   0.75732   0.97504   5.32310  1
     0.00000    692.82032   0.24652   0.58148   3.55344  1   1.32520   1.48110   6.03699  1
   100.00000    692.82032   3.52194   1.44682   5.07656  1   3.17848   0.37561   0.40365  1
   150.00000    692.82032   3.47954   0.80698   5.63124  1   0.94422   1.74929   0.94028  1
   200.00000    692.82032   5.90166   0.28442   1.04803  1   5.80788   2.59015   4.20644  1
   250.00000    692.82032   1.14079   0.76836   5.80300  1   2.93469   1.36214   5.45707  1
   300.00000    692.82032   5.68603   1.79870   4.21130  1   2.16462   1.64323   0.91704  1
   350.00000    692.82032   1.14363   0.75996   5.82176  1   4.25466   2.31536   0.44383  1
   400.00000    692.82032   1.14326   0.89271   5.97934  1   5.71100   0.90745   4.20603  1
   450.00000    692.82032   3.91035   0.20721   5.31423  1   4.08709   1.85494   0.46193  1
   500.00000    692.82032   1.71110   2.19399   0.89876  1   3.42038   2.39544   4.21303  1
   550.00000    692.82032   3.76403   2.07315   1.72160  1   5.31300   2.92744   4.39627  1
   600.00000    692.82032   5.23304   1.25692   0.31799  1   6.07282   0.78731   0.77221  1
   650.00000    692.82032   2.29004   1.55470   1.58506  1   2.92505   1.60131   0.80486  1
   700.00000    692.82032   3.70376   1.40692   5.59477  1   2.35184   2.43829   5.02854  1
   750.00000    692.82032   4.89842   1.24006   4.45283  1   1.71520   1.97261   3.45524  1
   800.00000    692.82032   3.48722   0.55726   2.38039  1   0.38962   0.67530   0.77401  1
   850.00000    692.82032   3.57625   2.30007   0.11578  1   2.71031   1.35256   2.99848  1
   900.00000    692.82032   6.06755   0.47616   0.54609  1   3.52770   1.67110   3.26136  1
   950.00000    692.82032   1.96126   0.72728   3.03096  1   4.59578   1.58353   4.09122  1
  1000.00000    692.82032   6.21082   2.51655   4.21988  1   3.57668   0.42295   2.74220  1
  1050.00000    692.82032   6.21514   2.50373   4.21225  1   3.77377   1.28250   5.71218  1
  1100.00000    692.82032   1.41749   0.70519   4.85285  1   2.47270   1.97460   5.31363  1
  1150.00000    692.82032   2.43370   0.85916   1.25389  1   0.39690   0.96286   1.96691  1
  1200.00000    692.82032   1.41925   1.66713   0.04450  1   2.20161   1.58820   4.80061  1
    25.00000    736.12159   0.77952   0.92545   0.14823  1   2.65666   0.64671   0.16730  1
    75.00000    736.12159   4.42399   2.59325   1.86733  1   4.58016   1.55679   1.61097  1
   125.00000    736.12159   2.92853   3.06055   0.67339  1   0.77926   0.52508   3.45362  1
   175.00000    736.12159   3.16485   1.22174   3.52579  1   3.01477   1.36416   1.30639  1
   225.00000    736.12159   0.47548   2.02692   0.79052  1   3.33757   2.78257   4.52029  1
   275.00000    736.12159   4.52495   1.05766   2.15649  1   2.52174   0.70254   0.58188  1
   325.00000    736.12159   4.67431   0.21131   4.78414  1   3.13911   1.56964   2.94714  1
   375.00000    736.12159   4.74304   1.78189   3.16416  1   2.12643   1.58008   5.50821  1
   425.00000    736.12159   4.31287   1.79939   1.81970  1   0.61462   1.96979   5.05836  1
   475.00000    736.12159   1.39606   1.41135   6.15756  1   5.68836   2.09687   3.13630  1
   525.00000    736.12159   5.81861   0.57052   4.98525  1  12.56637  12.56637  12.56637  0
   575.00000    736.12159   1.08929   0.93518   0.05727  1   0.16005   1.11773   2.16367  1
   625.00000    736.12159   5.22665   2.33898   2.72378  1   0.25701   1.30812   0.78456  1
   675.00000    736.12159   2.08692   0.79909   5.11271  1   3.38765   1.83964   5.47392  1
   725.00000    736.12159   1.92263   0.87775   0.28620  1   0.02784   2.52469   6.03833  1
   775.00000    736.12159   5.04187   1.46123   4.82021  1   5.96767   0.40581   0.88655  1
   825.00000    736.12159   0.70738   1.10528   4.36356  1   2.49385   1.28352   5.94092  1
   875.00000    736.12159   0.26937   1.28957   0.92148  1   2.25599   3.00084   5.87400  1
   925.00000    736.12159   2.18565   0.72337   1.11665  1   0.58927   0.66660   1.41736  1
   975.00000    736.12159   6.28043   2.49486   4.22559  1   1.31480   1.42389   4.13429  1
  1025.00000    736.12159   1.92765   1.85451   4.11560  1   0.59590   2.64842   5.84039  1
  1075.00000    736.12159   0.49371   0.32971   0.17634  1   3.52944   2.28597   5.81652  1
  1125.00000    736.12159   3.07709   0.91290   5.76043  1   4.28462   1.98481   3.93462  1
  1175.00000    736.12159   2.44914   0.85582   1.22502  1   2.20231   1.23752   4.03186  1
     0.00000    779.42286   0.93851   0.92928   6.17186  1   4.12167   1.84245   2.78610  1
    50.00000    779.42286   4.66870   1.20620   5.21497  1   1.48163   2.78806   0.39917  1
   100.00000    779.42286   5.60754   2.42272   0.85536  1   5.14708   1.57235   4.28202  1
   150.00000    779.42286   2.44039   1.97918   0.72783  1   2.32899   0.74596   4.67205  1
   200.00000    779.42286   3.42451   2.11549   2.15094  1   2.54832   0.82364   5.43711  1
   250.00000    779.42286   0.10689   1.03416   1.15520  1   3.15992   1.68176   6.23344  1
   300.00000    779.42286   0.76934   1.07468   2.47834  1   3.72344   1.66628   4.85805  1
   350.00000    779.42286   3.85550   2.24191   0.99245  1   5.43221   1.68496   1.02221  1
   400.00000    779.42286   4.20708   2.51328   0.30163  1   1.57638   0.55978   5.08219  1
   450.00000    779.42286   4.21504   2.45545   0.36070  1   6.13538   1.81958   4.07079  1
   500.00000    779.42286   4.02421   1.78885   4.01354  1   2.10667   1.57469   0.54605  1
   550.00000    779.42286   1.21906   2.76658   5.06246  1   1.47989   0.19119   4.86966  1
   600.00000    779.42286   5.69593   2.25094   3.34733  1   3.63096   2.57515   4.68185  1
   650.00000    779.42286   5.24301   2.32722   5.87741  1   2.63309   2.24433   1.95403  1
   700.00000    779.42286   5.72083   2.08425   1.11797  1   2.40476   0.42843   1.44159  1
   750.00000    779.42286   1.21480   2.01094   6.27459  1   3.51674   2.05653   6.26876  1
   800.00000    779.42286   4.35838   2.68005   0.00773  1   3.50795   1.26552   5.05841  1
   850.00000    779.42286   3.94309   2.75627   1.37359  1   3.81753   1.67251   3.34844  1
   900.00000    779.42286   5.56274   1.75927   3.74894  1   2.07747   0.48894   4.06446  1
   950.00000    779.42286   5.42848   2.33943   2.81952  1   5.84490   0.87554   4.40968  1
  1000.00000    779.42286   3.59168   0.45540   5.58195  1   1.04992   2.38019   3.88200  1
  1050.00000    779.42286   1.96568   1.95807   0.41367  1   2.06896   1.14508   0.04535  1
  1100.00000    779.42286   4.87227   2.65585   5.02165  1   2.13374   1.38327   0.45833  1
  1150.00000    779.42286   4.88462   2.63193   1.89604  1   2.17502   1.68984   5.71696  1
  1200.00000    779.42286   3.09063   0.62952   2.93597  1   1.72588   1.60120   6.14548  1
    75.00000    822.72413   2.10565   1.32740   0.61319  1   4.88959   1.65027   2.98063  1
   125.00000    822.72413   0.05531   2.64027   3.68700  1   3.92181   0.77093   2.53404  1
   175.00000    822.72413   2.81230   1.23529   5.37417  1   1.04418   1.65802   0.96786  1
   225.00000    822.72413   4.22833   0.19301   4.01720  1   1.00757   1.89827   0.97147  1
   275.00000    822.72413   2.83123   0.51105   3.87131  1   3.04434   1.32678   1.23102  1
   325.00000    822.72413   0.79020   1.06964   5.60627  1   0.40685   0.76504   2.25838  1
   375.00000    822.72413   2.36193   1.78983   0.69339  1   1.75104   1.07418   0.78726  1
   425.00000    822.72413   5.77517   2.52068   1.06668  1   0.90020   1.78979   0.76356  1
   475.00000    822.72413   2.62762   0.87391   1.29452  1   2.22966   1.89873   5.72564  1
   525.00000    822.72413   2.62657   0.88894   1.27957  1   5.90092   1.43796   4.10728  1
   575.00000    822.72413   2.63090   0.89592   1.28306  1   3.67751   1.61677   2.90851  1
   625.00000    822.72413   5.22669   1.38374   3.90436  1   5.09047   1.49935   3.93629  1
   675.00000    822.72413   1.25032   1.94912   3.70704  1   3.82859   2.24022   5.31913  1
   725.00000    822.72413   0.20907   0.65982   5.63869  1   2.66609   1.41976   6.19279  1
   775.00000    822.72413   1.40371   0.11376   4.77271  1   5.68629   2.44371   3.31123  1
   825.00000    822.72413   1.83804   1.34075   0.59907  1   2.17718   1.05546   4.06150  1
   875.00000    822.72413   1.96015   1.91438   1.01937  1   1.79980   2.72860   5.01137  1
   925.00000    822.72413   5.34573   1.68721   3.96289  1   2.22265   0.48844   1.29689  1
   975.00000    822.72413   0.95432   1.79613   3.97054  1   1.94404   1.81747   0.59296  1
  1025.00000    822.72413   2.54580   0.78776   3.34095  1   3.92922   2.21841   3.17700  1
  1075.00000    822.72413   0.81912   1.92652   3.74609  1   1.47956   1.54875   0.82063  1
  1125.00000    822.72413   0.44812   1.02897   1.30960  1   3.61509   2.15388   1.80455  1
  1175.00000    822.72413   4.54189   2.52937   0.25243  1   2.03016   2.10106   0.34834  1
     0.00000    866.02540   6.10970   2.53021   5.35603  1   5.92574   2.25303   4.92018  1
    50.00000    866.02540   5.26472   0.15025   1.10233  1   1.04945   1.72660   0.75559  1
   100.00000    866.02540   4.61070   1.63817   3.84041  1   6.25684   0.38604   4.28199  1
   150.00000    866.02540   0.79470   1.32562   3.30085  1   1.52326   1.55031   5.56268  1
   250.00000    866.02540   2.22363   1.55500   0.85873  1   3.80735   1.08706   2.79191  1
   300.00000    866.02540   2.68053   0.75134   3.15852  1   0.86853   1.41379   4.28335  1
   350.00000    866.02540   5.72323   2.44253   6.27798  1   5.09683   1.39987   1.75907  1
   400.00000    866.02540   0.94056   0.79246   3.37552  1   1.80290   1.31213   5.86393  1
   450.00000    866.02540   0.09641   1.01619   1.21386  1  12.56637  12.56637  12.56637  0
   500.00000    866.02540   2.17774   0.79855   1.63952  1   2.10756   0.76255   3.26173  1
   550.00000    866.02540   5.78613   2.24072   3.45233  1  12.56637  12.56637  12.56637  0
   600.00000    866.02540   1.00585   0.62535   5.96916  1   1.75493   1.00525   0.71716  1
   650.00000    866.02540   0.78095   2.63373   5.22143  1   5.42260   0.48597   2.12912  1
   700.00000    866.02540   2.11909   1.19775   3.36551  1   0.90896   1.90423   4.68262  1
   750.00000    866.02540   2.93994   2.08509   5.85016  1   0.38516   1.99614   0.76707  1
   800.00000    866.02540   4.89405   2.99834   3.43925  1   1.03287   1.72838   0.28248  1
   850.00000    866.02540   5.05808   2.40004   3.21792  1   4.08152   2.05730   6.19099  1
   900.00000    866.02540   1.83122   2.29580   4.65591  1   4.24624   1.88453   3.36789  1
   950.00000    866.02540   1.11609   1.21958   6.05621  1   3.14045   1.07201   0.03452  1
  1000.00000    866.02540   2.64674   0.87174   1.47624  1   3.11333   0.89532   0.11924  1
  1050.00000    866.02540   1.20057   1.12858   6.21120  1   5.21332   1.57498   6.06340  1
  1100.00000    866.02540   4.18377   1.45895   5.98258  1   4.63301   1.66837   2.46056  1
  1150.00000    866.02540   4.47832   2.49394   0.23810  1   3.36050   1.25863   5.29389  1
  1200.00000    866.02540   5.81665   2.29343   5.12421  1   1.77121   0.53701   2.72214  1
    25.00000    909.32667   2.82682   0.77901   1.27841  1   2.60745   1.15122   4.08514  1
    75.00000    909.32667   1.64969   1.42489   3.25152  1   3.76979   1.12522   2.83206  1
   125.00000    909.32667   4.63002   2.27199   5.02419  1   1.38908   0.55892   4.00630  1
   175.00000    909.32667   1.57480   2.30041   0.51879  1   2.13684   2.12735   5.80468  1
   225.00000    909.32667   5.37053   1.57805   3.85901  1   2.41576   1.29994   2.71887  1
   325.00000    909.32667   2.66161   0.77315   3.19534  1   2.84607   2.00632   2.75905  1
   375.00000    909.32667   1.97244   1.80786   0.30236  1   6.19482   2.06622   3.65454  1
   425.00000    909.32667   5.26751   2.31764   1.43580  1   0.98133   0.89062   0.00708  1
   475.00000    909.32667   2.29401   2.41271   4.83892  1   0.06597   1.08671   0.84472  1
   525.00000    909.32667   5.31740   2.32639   1.52436  1   4.77282   1.01890   1.71029  1
   575.00000    909.32667   5.07525   2.10294   2.53057  1   5.24736   2.03361   1.15518  1
   625.00000    909.32667   4.58243   2.99974   2.70096  1   3.17815   1.66423   5.93869  1
   675.00000    909.32667   3.16592   1.61152   6.21540  1   5.32668   1.32647   4.54978  1
   725.00000    909.32667   0.88143   0.82066   5.03813  1   6.00844   2.24114   0.58764  1
   775.00000    909.32667   3.72362   1.41096   5.83450  1   1.77163   1.24982   5.30054  1
   825.00000    909.32667   4.24854   1.45737   3.05181  1   5.88156   2.42236   4.99925  1
   875.00000    909.32667   0.29060   1.54522   0.82981  1   5.92597   1.06063   1.01482  1
   925.00000    909.32667   0.55661   2.68315   4.19196  1   4.45115   1.14491   5.58731  1
   975.00000    909.32667   2.75948   2.85706   3.75851  1   1.66321   1.53005   6.22652  1
  1025.00000    909.32667   0.47799   1.18416   0.82005  1   4.42863   1.63380   3.14925  1
  1075.00000    909.32667   1.43654   1.01675   5.72894  1   4.50603   2.75254   0.48856  1
  1125.00000    909.32667   1.40372   0.67346   6.00298  1   3.38475   1.26293   5.32634  1
  1175.00000    909.32667   1.97087   1.74347   0.08866  1   3.22870   2.28433   5.43301  1
     0.00000    952.62794   5.83375   0.45281   0.67341  1   1.56199   0.89431   6.22453  1
    50.00000    952.62794   2.83526   0.78279   1.26407  1   3.31708   1.92854   5.84696  1
   100.00000    952.62794   3.39993   1.23193   5.51660  1   1.51931   0.85763   5.95287  1
   150.00000    952.62794   2.56105   0.97373   3.08917  1   4.01836   1.54283   2.53765  1
   200.00000    952.62794   3.81376   2.30774   6.28024  1   3.28846   1.00870   0.12819  1
   250.00000    952.62794   2.22102   1.57132   0.84021  1   1.03146   0.68232   5.56962  1
   300.00000    952.62794   4.27621   1.54045   3.91831  1   2.36717   1.57994   0.81740  1
   350.00000    952.62794   6.02827   2.36099   3.85871  1  12.56637  12.56637  12.56637  0
   400.00000    952.62794   2.33736   1.41313   0.90702  1   2.02185   1.39395   0.47930  1
   450.00000    952.62794   1.53248   1.54273   6.22365  1   2.58602   0.61779   0.92616  1
   500.00000    952.62794   2.13394   0.91549   1.56156  1   2.54524   0.81598   5.63745  1
   550.00000    952.62794   3.38740   0.84922   2.58297  1   1.39855   1.12581   0.85529  1
   600.00000    952.62794   3.08541   1.18210   2.89094  1  12.56637  12.56637  12.56637  0
   650.00000    952.62794   5.91263   2.27825   0.55387  1   5.98888   2.24881   0.59578  1
   700.00000    952.62794   2.77253   0.85408   1.01858  1   3.95055   0.70166   5.54263  1
   750.00000    952.62794   5.92111   2.28778   3.69421  1   2.03547   2.22423   1.01726  1
   800.00000    952.62794   6.25561   2.85739   4.93973  1   1.78844   1.53432   3.29025  1
   850.00000    952.62794   0.68135   0.54966   4.55060  1   5.94325   2.70642   0.45980  1
   900.00000    952.62794   1.43263   1.11754   6.21057  1   0.22941   2.20772   0.57236  1
   950.00000    952.62794   4.12212   1.52531   2.57403  1   5.90415   1.50751   4.03472  1
  1000.00000    952.62794   4.89421   1.06235   4.58134  1   0.14151   1.64909   1.05106  1
  1050.00000    952.62794   5.82648   1.09589   0.60814  1   6.26270   1.76553   3.69316  1
  1100.00000    952.62794   5.13779   1.84304   4.08138  1   0.70662   1.12473   4.76064  1
  1150.00000    952.62794   0.09353   0.68769   0.42141  1   3.12413   2.41648   1.05413  1
  1200.00000    952.62794   2.37004   0.94261   0.59043  1   0.98109   1.21737   4.48820  1
    25.00000    995.92921   4.45516   1.62153   3.20513  1   5.66586   1.61339   3.70777  1
    75.00000    995.92921   4.83918   1.12013   4.63572  1   3.94130   1.99243   3.07811  1
   125.00000    995.92921   5.63006   2.12292   4.64572  1   1.28168   1.48477   4.88147  1
   175.00000    995.92921   4.68872   2.23128   4.84693  1   1.27329   0.63995   5.87192  1
   225.00000    995.92921   3.09491   0.57120   2.78294  1   3.66990   1.73797   2.77562  1
   275.00000    995.92921   1.71934   2.51217   4.47602  1   4.16171   1.20731   0.05144  1
   325.00000    995.92921   4.84072   0.58806   4.95474  1  12.56637  12.56637  12.56637  0
   375.00000    995.92921   5.86988   2.27668   0.55964  1   1.74075   1.70804   5.43058  1
   425.00000    995.92921   2.16672   0.82222   3.48054  1   3.95429   2.45911   1.54492  1
   475.00000    995.92921   5.16601   1.58332   5.62134  1   0.40615   0.71256   4.70443  1
   525.00000    995.92921   5.50292   2.05888   3.69752  1   5.40419   1.41965   1.38096  1
   575.00000    995.92921   4.80304   1.55184   4.39569  1   2.32133   1.60509   2.78131  1
   625.00000    995.92921   5.19691   2.47408   1.86733  1   2.07292   2.07466   0.28461  1
   725.00000    995.92921   2.76690   0.85160   1.01391  1   5.84220   2.74207   5.52108  1
   775.00000    995.92921   0.80612   1.17031   0.80590  1   5.94824   0.60252   0.95290  1
   825.00000    995.92921   3.83811   2.59984   0.16450  1   2.09066   1.63139   0.54168  1
   875.00000    995.92921   4.57264   2.03877   3.23244  1   4.68932   2.67683   0.17605  1
   925.00000    995.92921   0.61091   1.39612   0.38395  1   3.21436   2.19648   1.05507  1
   975.00000    995.92921   2.50948   1.01895   4.77718  1   1.34478   1.30131   5.61998  1
  1025.00000    995.92921   2.19094   0.98661   2.81142  1   0.87397   1.95299   3.77721  1
  1075.00000    995.92921   1.51558   0.69324   6.24970  1   3.70674   1.13227   5.26506  1
  1125.00000    995.92921   4.15405   1.45662   3.38162  1   3.48089   0.87076   3.01765  1
  1175.00000    995.92921   2.38499   0.43124   4.83996  1   2.84796   1.22037   0.71943  1
     0.00000   1039.23048   2.34823   2.33363   5.08936  1   6.25348   1.25485   0.77556  1
    50.00000   1039.23048   5.23592   1.89311   3.97950  1   3.98563   0.94624   2.73285  1
   100.00000   1039.23048   0.25060   3.05147   5.21593  1   0.77843   1.13690   4.75969  1
   150.00000   1039.23048   2.71545   1.37792   4.48382  1   3.12632   1.14087   1.13504  1
   200.00000   1039.23048   4.15967   1.87170   3.06945  1   3.61507   0.85592   2.67058  1
   250.00000   1039.23048   2.01027   1.45425   0.40813  1   4.41184   2.16544   6.23620  1
   300.00000   1039.23048   4.85567   1.01048   1.31618  1   5.16490   2.18350   1.78037  1
   350.00000   1039.23048   1.72755   2.50319   4.47865  1   5.16481   2.24927   1.75017  1
   400.00000   1039.23048   5.52279   2.02146   3.45690  1   5.37426   1.71784   3.75163  1
   450.00000   1039.23048   0.34170   1.54866   0.73512  1   5.04035   2.28410   5.51029  1
   500.00000   1039.23048   2.44435   1.76978   0.86599  1   1.36078   1.32841   6.12353  1
   550.00000   1039.23048   0.48788   0.88976   0.78447  1   5.75214   2.20786   4.04503  1
   600.00000   1039.23048   2.11464   1.76664   3.43794  1   4.27636   1.73489   5.66858  1
   650.00000   1039.23048   3.60924   2.23148   4.34227  1   3.54699   2.88669   0.27628  1
   700.00000   1039.23048   1.51260   1.73660   0.10104  1   2.90898   1.58428   1.02313  1
   750.00000   1039.23048   2.83502   1.76481   5.22599  1   4.72706   0.73070   5.02996  1
   800.00000   1039.23048   5.26374   1.47612   4.17760  1   0.82906   0.24060   3.17502  1
   850.00000   1039.23048   6.10803   1.49139   0.46952  1   1.30034   0.80745   3.46547  1
   900.00000   1039.23048   2.88091   2.63633   1.71686  1   4.73990   1.79309   2.29534  1
   950.00000   1039.23048   2.40163   1.89355   5.49887  1   5.82099   2.04122   1.44573  1
  1000.00000   1039.23048   0.66117   1.06748   0.36008  1   5.73976   1.66451   3.63224  1
  1050.00000   1039.23048   2.63915   0.98012   2.90598  1   5.64218   1.84846   3.65719  1
  1100.00000   1039.23048   2.86378   0.81213   2.93606  1   0.15312   0.68145   4.76269  1
  1150.00000   1039.23048   5.27560   1.93175   3.77370  1   5.23026   1.95215   3.72831  1
  1200.00000   1039.23048   5.51271   1.35290   4.37184  1   3.04366   0.70922   3.22577  1
    25.00000   1082.53175   3.82850   0.06891   2.18852  1   2.98444   2.75165   1.24066  1
    75.00000   1082.53175   6.16363   0.56880   1.11929  1   2.34708   1.89807   0.93176  1
   125.00000   1082.53175   1.40421   1.14076   5.14107  1   3.14852   0.34208   0.47422  1
   175.00000   1082.53175   3.86004   2.04586   3.12346  1   1.83839   1.13980   0.76133  1
   225.00000   1082.53175   0.88788   1.24295   4.12560  1   4.87127   1.69914   3.00385  1
   325.00000   1082.53175   6.01310   1.05970   4.44522  1   3.23617   2.66900   3.42943  1
   375.00000   1082.53175   4.71207   1.79716   2.25304  1   0.85986   2.29023   4.06386  1
   425.00000   1082.53175   2.28024   1.01812   6.20215  1   0.46744   1.25033   4.04437  1
   475.00000   1082.53175   5.72787   1.36188   6.25922  1   4.04618   1.24416   2.34479  1
   525.00000   1082.53175   5.24848   1.80751   4.03480  1   1.91061   1.77323   0.95962  1
   575.00000   1082.53175   2.85583   2.77569   5.53584  1   3.19416   2.16422   3.39190  1
   625.00000   1082.53175   5.73895   2.17174   0.91925  1   2.28239   1.35220   0.51453  1
   675.00000   1082.53175   3.37352   2.69242   3.83229  1   5.71039   0.41612   5.06557  1
   725.00000   1082.53175   0.45285   1.35554   0.34986  1   0.30511   2.29283   3.68132  1
   775.00000   1082.53175   6.05237   0.51910   0.84679  1   4.82301   1.27377   1.90215  1
   825.00000   1082.53175   2.96709   1.62829   1.10562  1   2.03780   1.86026   5.15609  1
   875.00000   1082.53175   3.55643   0.99550   0.22129  1   4.00851   2.46005   5.86394  1
   925.00000   1082.53175   2.87198   0.70983   2.84541  1   5.79842   1.67596   0.82357  1
   975.00000   1082.53175   3.01896   0.61841   0.99056  1   6.07730   1.88633   1.33896  1
  1025.00000   1082.53175   2.18699   1.12521   1.04086  1   2.61021   1.10004   2.99913  1
  1075.00000   1082.53175   4.48847   2.56888   0.35702  1   2.08447   0.97038   0.66906  1
  1125.00000   1082.53175   1.32929   0.57381   2.79088  1   0.90519   2.16213   4.47759  1
  1175.00000   1082.53175   5.54442   2.71995   6.16438  1   4.84042   2.21368   1.71878  1
     0.00000   1125.83302   6.08783   2.31102   3.83287  1   0.03200   0.41030   0.61061  1
    50.00000   1125.83302   4.19986   1.34279   5.74983  1   1.42155   1.47389   5.66877  1
   100.00000   1125.83302   4.43505   1.45054   2.92480  1   0.72490   0.70523   3.96863  1
   150.00000   1125.83302   4.29925   2.41460   0.00001  1   0.23455   2.05634   4.15794  1
   200.00000   1125.83302   4.82239   1.07886   5.50055  1   2.94535   1.72350   2.81995  1
   250.00000   1125.83302   4.61486   2.23864   6.13540  1   1.94901   1.20937   0.15930  1
   300.00000   1125.83302   5.64236   1.86745   3.96354  1   0.67773   1.13478   0.71472  1
   350.00000   1125.83302   1.57808   0.47285   4.70090  1   4.99560   2.05380   1.06725  1
   400.00000   1125.83302   4.64144   1.29992   2.64254  1   5.31553   1.49393   3.28166  1
   450.00000   1125.83302   1.45243   0.59555   4.67539  1   0.53797   1.95814   1.10679  1
   500.00000   1125.83302   1.46947   1.09982   6.27830  1   2.69297   0.65656   1.21393  1
   550.00000   1125.83302   3.96578   1.79742   5.35019  1   0.33445   1.07717   1.43974  1
   600.00000   1125.83302   1.75047   1.44040   6.14690  1   0.02898   2.40280   3.72876  1
   650.00000   1125.83302   1.72914   1.46130   6.16247  1   1.76276   1.47575   6.10452  1
   700.00000   1125.83302   1.73104   1.44172   6.15688  1   4.03802   0.21224   4.00434  1
   750.00000   1125.83302   3.56073   0.59519   5.00178  1   5.34432   1.36649   2.15656  1
   800.00000   1125.83302   4.88267   2.94675   3.36054  1   3.82329   1.12879   5.67474  1
   850.00000   1125.83302   5.82743   2.17174   3.40888  1   3.26013   2.06470   5.99205  1
   900.00000   1125.83302   5.84126   2.18238   3.42684  1   4.60384   1.96065   3.97792  1
   950.00000   1125.83302   4.10895   1.89926   3.70801  1   3.39945   1.43477   6.13855  1
  1000.00000   1125.83302   5.37997   1.91707   4.09564  1   5.54468   2.26888   1.39195  1
  1050.00000   1125.83302   5.07531   1.94215   0.12006  1   6.06937   0.43530   4.16299  1
  1100.00000   1125.83302   1.74469   1.70539   0.94943  1   6.09184   0.86489   4.33851  1
  1150.00000   1125.83302   1.74642   1.69883   0.95400  1   1.38620   1.35800   5.29445  1
  1200.00000   1125.83302   0.03574   0.94936   1.00643  1   0.08887   0.90302   4.12519  1
    25.00000   1169.13430   6.19952   0.35825   3.44785  1   3.93810   1.67572   3.48201  1
    75.00000   1169.13430   3.40081   1.39138   0.85469  1   0.26560   1.67937   0.68407  1
   125.00000   1169.13430   5.95776   2.10921   0.73490  1   4.01832   2.23306   5.65536  1
   175.00000   1169.13430   5.96210   2.21117   4.04369  1   1.08880   1.72368   5.97018  1
   225.00000   1169.13430   5.57901   0.40890   4.25011  1   3.16892   1.15817   0.90702  1
   275.00000   1169.13430   2.69905   0.62891   3.08275  1   0.84362   0.60207   3.73164  1
   325.00000   1169.13430   0.75511   0.63071   3.77860  1   2.69265   0.63839   3.07624  1
   375.00000   1169.13430   4.53845   2.19991   5.64104  1   0.36500   2.35792   3.62744  1
   425.00000   1169.13430   2.60243   1.54904   0.77685  1   1.47826   0.49135   3.13446  1
   475.00000   1169.13430   5.23344   1.81911   3.99942  1   1.12762   1.37210   0.41543  1
   525.00000   1169.13430   5.24826   1.81778   4.04317  1   0.90344   0.66021   5.53356  1
   575.00000   1169.13430   2.72036   0.69868   1.19428  1   5.62801   2.12104   0.72235  1
   625.00000   1169.13430   4.88516   1.69476   3.27045  1   2.46476   1.90023   0.60412  1
   675.00000   1169.13430   4.14332   0.19957   2.28685  1   1.67315   1.39653   6.18807  1
   725.00000   1169.13430   1.73964   1.42840   6.14681  1   5.25822   1.73748   1.26479  1
   775.00000   1169.13430   0.88772   1.15443   5.77898  1   1.39691   0.63680   0.73318  1
   825.00000   1169.13430   6.25307   1.53572   4.52432  1   3.50787   1.76703   0.55862  1
   875.00000   1169.13430   2.70046   0.94649   1.28500  1   4.02809   0.65571   2.34753  1
   925.00000   1169.13430   1.37564   1.02487   5.82435  1   3.43628   1.86816   5.95005  1
   975.00000   1169.13430   2.60422   1.60568   2.54769  1   0.66096   0.85644   4.43595  1
  1025.00000   1169.13430   5.24270   2.67816   4.96792  1   2.52801   2.74823   6.06946  1
  1075.00000   1169.13430   3.40569   2.18266   1.72644  1   3.16973   0.65026   4.91153  1
  1125.00000   1169.13430   1.75927   1.71037   0.97602  1   0.55506   0.62406   0.73701  1
  1175.00000   1169.13430   5.93910   2.21359   3.83154  1   6.24847   0.31297   0.51689  1
     0.00000   1212.43557   5.36072   2.27988   6.11354  1   5.31441   2.37741   1.35172  1
    50.00000   1212.43557   5.38600   2.27855   3.00251  1   3.66297   2.25855   3.27023  1
   100.00000   1212.43557   2.22966   0.85162   3.26740  1   0.19511   1.08176   0.83059  1
   150.00000   1212.43557   5.35106   0.42125   4.30008  1   5.34374   0.46840   1.09455  1
   200.00000   1212.43557   1.12145   1.75818   5.90599  1   5.39178   1.24756   1.27896  1
   250.00000   1212.43557   2.68355   0.60523   3.08656  1   1.84970   1.17753   3.00306  1
   300.00000   1212.43557   2.67377   0.60603   3.08892  1   6.01426   2.82483   5.26462  1
   350.00000   1212.43557   2.68941   0.60746   3.10156  1   1.72427   1.76472   5.93385  1
   400.00000   1212.43557   2.83273   1.80816   3.11171  1   0.26096   0.61957   3.46843  1
   450.00000   1212.43557   0.99719   1.90402   0.96325  1   5.87007   2.48465   0.44029  1
   550.00000   1212.43557   5.00020   2.45974   5.14185  1   4.47866   2.68939   5.82782  1
   600.00000   1212.43557   1.03854   0.59153   3.34327  1   5.87728   1.72360   0.99399  1
   650.00000   1212.43557   1.15234   1.35893   5.94637  1   2.80451   2.67626   0.22360  1
   700.00000   1212.43557   4.09530   0.17289   2.33943  1   3.79010   1.78935   2.71909  1
   750.00000   1212.43557   3.80492   1.16551   5.66373  1   3.37877   1.82635   0.98613  1
   800.00000   1212.43557   4.88596   2.94500   3.36456  1   5.93091   0.72778   0.88238  1
   850.00000   1212.43557   5.43461   1.75765   3.86313  1   4.78606   1.88647   2.95660  1
   900.00000   1212.43557   1.26723   0.73438   5.96266  1   5.70730   1.39927   3.99520  1
   950.00000   1212.43557   1.82141   1.38421   0.04392  1   4.43876   2.12832   5.24870  1
  1000.00000   1212.43557   5.39321   1.90379   4.13259  1   4.54651   1.70870   1.71218  1
  1050.00000   1212.43557   3.74120   0.23843   2.38785  1   6.22199   2.53523   3.71192  1
  1100.00000   1212.43557   2.65903   1.26376   0.54262  1   5.74679   2.81938   5.20266  1
  1150.00000   1212.43557   0.61460   0.59982   5.24884  1   2.57905   1.18057   0.55563  1
  1200.00000   1212.43557   2.65672   1.26736   0.52376  1   1.81722   1.41248   6.08348  1
    25.00000   1255.73684   0.87741   0.56635   0.63795  1   4.06985   2.52555   0.98415  1
    75.00000   1255.73684   5.42957   1.28393   3.92338  1   2.45301   1.59487   2.70343  1
   125.00000   1255.73684   2.15475   2.72042   5.06565  1   6.21561   1.00008   0.47056  1
   175.00000   1255.73684   4.39506   2.65451   1.34998  1   1.67193   0.39481   2.85311  1
   225.00000   1255.73684   2.55102   1.59377   0.70927  1   1.04319   0.64746   4.64804  1
   275.00000   1255.73684   1.91496   1.64890   0.45793  1   2.87931   1.12426   6.23660  1
   325.00000   1255.73684   5.13035   1.54127   4.14930  1   2.42254   1.08708   2.73389  1
   375.00000   1255.73684   2.82105   0.80750   3.00853  1   0.26940   0.70843   4.01292  1
   425.00000   1255.73684   2.83901   0.83731   4.56356  1   6.12405   1.66355   1.05506  1
   475.00000   1255.73684   4.70729   1.59488   3.08924  1  12.56637  12.56637  12.56637  0
   525.00000   1255.73684   0.95838   0.73559   4.32923  1   2.26322   1.47809   0.26452  1
   575.00000   1255.73684   5.78226   1.60125   4.18389  1   4.09575   2.30113   3.33939  1
   625.00000   1255.73684   2.99716   1.65684   6.14893  1   4.45332   2.80046   5.91326  1
   675.00000   1255.73684   5.59313   0.48423   3.22982  1   0.20756   1.08746   1.62187  1
   725.00000   1255.73684   4.97182   1.58610   2.11304  1   4.35159   2.65835   2.65358  1
   775.00000   1255.73684   4.88520   2.96571   3.35448  1   1.11019   1.60826   1.03248  1
   825.00000   1255.73684   5.04512   0.67460   1.68893  1   3.87283   2.27420   4.93709  1
   875.00000   1255.73684   0.16764   1.12627   4.17906  1   4.66456   1.93439   1.14669  1
   925.00000   1255.73684   3.07084   0.79969   0.90729  1   1.63241   1.40125   6.09405  1
   975.00000   1255.73684   4.70393   2.39027   0.00297  1   3.28998   1.08848   5.88283  1
  1025.00000   1255.73684   2.21781   2.63877   5.00957  1   0.76786   1.26490   4.95456  1
  1075.00000   1255.73684   2.20594   2.43122   5.00763  1   1.91793   0.88691   3.33580  1
  1125.00000   1255.73684   3.73352   2.53482   0.99670  1   6.06830   1.57899   3.76038  1
  1175.00000   1255.73684   0.60995   0.59954   5.27560  1   5.33306   1.70935   1.31311  1
     0.00000   1299.03811   1.50384   1.18063   6.01740  1   6.05733   2.16378   1.03424  1
    50.00000   1299.03811   1.55344   1.53245   6.27299  1   1.53350   1.52558   3.17740  1
   100.00000   1299.03811   0.81959   3.11145   4.00825  1   3.01091   1.17682   5.15764  1
   150.00000   1299.03811   1.80424   2.70752   4.42376  1   2.15419   1.62140   0.25696  1
   200.00000   1299.03811   2.38088   0.80250   1.35005  1  12.56637  12.56637  12.56637  0
   250.00000   1299.03811   2.90528   0.43233   3.56570  1   0.94643   2.20624   6.19610  1
   300.00000   1299.03811   5.13063   1.54167   4.14591  1   4.76333   1.30148   2.03222  1
   350.00000   1299.03811   5.96642   2.33069   0.12602  1   6.21504   1.52118   4.01595  1
   400.00000   1299.03811   5.82283   1.93880   5.22079  1  12.56637  12.56637  12.56637  0
   450.00000   1299.03811   2.65844   1.79529   5.25945  1   3.05677   0.61119   0.37270  1
   500.00000   1299.03811   5.16078   1.58651   4.13649  1   1.00267   1.92197   4.74809  1
   550.00000   1299.03811   0.44156   0.58108   4.71477  1   4.19098   1.74394   3.00993  1
   600.00000   1299.03811   1.49549   0.29449   4.58530  1   3.85282   1.99789   3.68335  1
   650.00000   1299.03811   0.94537   0.73063   5.81932  1   4.81584   1.89015   4.03260  1
   700.00000   1299.03811   2.53623   1.09198   1.56283  1   4.11809   1.59202   5.75086  1
   750.00000   1299.03811   2.56842   1.08687   3.07903  1   2.00116   1.05233   6.12025  1
   800.00000   1299.03811   0.52378   1.45307   6.26572  1   4.25071   1.36815   5.47596  1
   850.00000   1299.03811   1.69615   1.60863   0.94872  1   1.93077   1.17232   5.99395  1
   900.00000   1299.03811   6.23493   2.36230   3.81996  1   2.72819   2.39373   5.60979  1
   950.00000   1299.03811   4.28923   1.24762   5.58582  1   0.94677   1.46482   0.94300  1
  1000.00000   1299.03811   3.85551   0.68197   0.49723  1  12.56637  12.56637  12.56637  0
  1050.00000   1299.03811   1.86922   1.09566   4.89682  1   4.64574   2.79803   2.67308  1
  1100.00000   1299.03811   5.78857   1.87695   4.18256  1   4.38355   1.89679   4.24165  1
  1150.00000   1299.03811   0.60419   0.59711   5.26847  1   4.11665   2.18773   0.85398  1
  1200.00000   1299.03811   1.27387   2.08867   0.36878  1   1.69312   1.77737   5.61965  1
