     0.00000      0.00000   1.70402   1.90516   0.93854  1   4.01665   1.45856   6.18802  1
     0.45798      0.88896   1.70832   1.90967   0.94512  1   3.56148   1.31720   5.77413  1
     0.91596      1.77792   3.55629   1.31520   5.77854  1   5.98077   2.44745   4.16049  1
     1.37395      2.66688   3.55933   1.31603   5.78004  1   0.04874   2.10538   3.95742  1
     1.83193      3.55585   3.55894   1.32203   5.77842  1   0.43591   1.78695   0.53414  1
     2.28991      4.44481   3.56282   1.32050   5.77704  1   5.97672   2.45118   4.16067  1
     2.74789      5.33377   3.55255   1.32144   5.78032  1   5.97817   2.43999   4.16616  1
     3.20588      6.22273   3.55802   1.31625   5.77695  1   5.98148   2.44712   4.16098  1
     3.66386      7.11169   3.55540   1.31084   5.77457  1   5.98109   2.44736   4.16077  1
     4.12184      8.00065   3.55797   1.31618   5.77702  1   5.98124   2.44719   4.16078  1
     4.57982      8.88961   3.55092   1.31701   5.77778  1   5.97855   2.43989   4.16649  1
     5.03781      9.77857   5.55478   0.56465   1.07289  1   5.97733   2.44628   4.16042  1
     5.49579     10.66754   5.99185   2.43102   4.17190  1   5.54928   0.56129   1.07594  1
     5.95377     11.55650   5.99281   2.43743   4.17023  1   5.55747   0.56592   1.06816  1
     6.41175     12.44546   3.56033   1.32419   5.77714  1   5.98190   2.44402   4.16278  1
     6.86974     13.33442   5.54899   0.55888   1.08597  1   5.98190   2.44399   4.16275  1
     7.32772     14.22338   3.55824   1.31916   5.78000  1   5.98170   2.44109   4.16404  1
     7.78570     15.11234   3.56185   1.32573   5.77922  1   5.98167   2.44406   4.16255  1
     8.24368     16.00130   3.55995   1.31704   5.77891  1   1.71385   1.91395   0.95274  1
     8.70167     16.89026   5.55193   0.55880   1.08283  1   0.04998   2.08796   3.95686  1
     9.15965     17.77923   5.55070   0.55707   1.08070  1   5.97903   2.43961   4.16678  1
     9.61763     18.66819   3.56263   1.31608   5.77863  1   1.71389   1.91410   0.95269  1
    10.07561     19.55715   5.55448   0.55519   1.08059  1   5.98177   2.44105   4.16407  1
    10.53359     20.44611   3.55772   1.32181   5.77276  1   1.70849   1.90828   0.94035  1
    10.99158     21.33507   3.56942   1.32704   5.77162  1   1.71870   1.90886   0.94259  1
    11.44956     22.22403   3.55931   1.31732   5.77844  1   0.04517   2.09947   3.94536  1
    11.90754     23.11299   3.56561   1.32471   5.77725  1   5.98291   2.44503   4.16132  1
    12.36552     24.00195   5.54701   0.55573   1.08910  1   0.05009   2.08772   3.95674  1
