     0.00000      0.00000   6.21209   2.16464   4.40451  1   5.04685   0.48878   1.73806  1
     0.03000      0.00000   6.20590   2.16450   4.39518  1   3.62371   1.64917   5.80474  1
     0.06000      0.00000   0.46724   0.66126   1.12858  1   4.80387   1.34160   0.93361  1
     0.09000      0.00000   1.68210   1.82844   0.61536  1   5.64694   2.03713   1.34567  1
     0.12000      0.00000   0.46245   0.66135   1.13296  1   2.52536   1.64392   2.96850  1
     0.15000      0.00000   6.21422   2.16531   4.40020  1   0.75381   1.60340   4.68500  1
     0.18000      0.00000   1.67967   1.83308   3.75155  1   4.71540   3.09285   2.39469  1
     0.21000      0.00000   1.68136   1.83370   3.75906  1   5.05515   0.49014   1.73203  1
     0.24000      0.00000   1.68079   1.83233   0.61721  1   5.05100   0.48973   1.73482  1
     0.27000      0.00000   1.67763   1.83376   0.61592  1   4.54486   3.08248   2.22598  1
     0.30000      0.00000   1.67855   1.83625   3.75997  1   2.49139   1.11668   0.23457  1
     0.33000      0.00000   1.67723   1.83424   0.61364  1   5.04935   0.48907   1.73574  1
     0.36000      0.00000   1.67979   1.83242   3.76220  1   2.52501   1.64344   2.96847  1
     0.39000      0.00000   6.21116   2.16479   4.39585  1   5.64504   2.03551   1.34647  1
     0.42000      0.00000   1.67850   1.83450   3.75762  1   4.55040   3.08282   2.23116  1
     0.45000      0.00000   0.46067   0.66525   1.13360  1   2.54129   1.14715   0.20592  1
     0.48000      0.00000   1.67937   1.83285   3.75813  1   4.53593   3.08445   2.21517  1
     0.51000      0.00000   0.46536   0.66192   1.13068  1   2.54129   1.14715   0.20592  1
     0.54000      0.00000   0.46302   0.66368   1.13165  1   4.54764   3.08279   2.22855  1
     0.57000      0.00000   1.67679   1.83191   3.76045  1   4.54488   3.08275   2.22595  1
     0.60000      0.00000   6.20825   2.15817   4.39160  1   4.80292   1.33715   0.93685  1
     0.63000      0.00000   1.67829   1.82990   0.61871  1   6.22620   2.14894   4.39689  1
     0.66000      0.00000   1.67598   1.83770   0.61288  1   3.62610   1.64835   5.80829  1
     0.69000      0.00000   1.67897   1.83385   3.75722  1   2.32146   1.61056   3.18839  1
     0.72000      0.00000   0.45592   0.66128   1.13896  1   5.04724   0.48969   1.73677  1
     0.75000      0.00000   1.67897   1.83409   3.75520  1   4.60568   3.08614   2.28441  1
     0.78000      0.00000   1.67681   1.83510   0.61777  1   5.68319   1.99438   1.36514  1
     0.81000      0.00000   0.46487   0.66105   1.13264  1   1.66124   1.80437   0.63404  1
     0.84000      0.00000   1.67733   1.83496   3.75842  1   3.62579   1.64808   5.80796  1
     0.87000      0.00000   1.67833   1.83306   0.61676  1   2.51987   1.64526   2.96875  1
     0.90000      0.00000   1.67912   1.83066   3.75765  1   4.60532   3.08640   2.28402  1
     0.93000      0.00000   0.45873   0.66331   1.13671  1   5.43666   1.81535   4.07936  1
     0.96000      0.00000   1.67646   1.82899   3.76722  1   0.46278   0.64612   4.28990  1
     0.99000      0.00000   1.67952   1.83515   3.76012  1   4.63567   3.08164   2.31804  1
     1.02000      0.00000   4.82047   1.31420   5.66437  1   5.04467   0.48433   1.73976  1
     1.05000      0.00000   1.67896   1.83206   3.76133  1   4.54704   3.08244   2.22802  1
     1.08000      0.00000   6.21126   2.15718   4.39557  1   4.80256   1.33788   0.93682  1
     1.11000      0.00000   6.21282   2.15962   4.39479  1   4.80273   1.33732   0.93665  1
     1.14000      0.00000   0.46265   0.66283   1.13585  1   4.55360   3.08504   2.23282  1
     1.17000      0.00000   1.68314   1.83629   3.75684  1   4.47618   3.09126   2.15221  1
     1.20000      0.00000   6.21764   2.15849   4.40317  1   2.03824   1.49567   5.71806  1
     1.23000      0.00000   1.67635   1.82988   0.61410  1   5.04405   0.48472   1.74064  1
     1.26000      0.00000   0.46286   0.66030   1.13106  1   5.04701   0.48411   1.74242  1
     1.29000      0.00000   0.45842   0.66256   1.13508  1   5.43061   1.81738   4.08284  1
     1.32000      0.00000   4.82124   1.31029   5.66615  1   3.68702   2.07673   3.96648  1
     1.35000      0.00000   0.45978   0.66150   1.13811  1   2.32257   1.60736   3.18471  1
     1.38000      0.00000   4.81993   1.31034   5.66676  1   2.51989   1.64491   2.96823  1
     1.41000      0.00000   6.21071   2.15657   4.39453  1   4.80279   1.33747   0.93689  1
     1.44000      0.00000   1.68330   1.83789   3.75618  1   4.80317   1.34830   0.93621  1
     1.47000      0.00000   0.46569   0.66389   1.13624  1   1.66949   1.80360   0.63882  1
     1.50000      0.00000   0.46221   0.66130   1.13379  1   2.03998   1.49420   5.72130  1
     1.53000      0.00000   1.67741   1.83667   0.61464  1   0.74448   1.61264   4.67291  1
     1.56000      0.00000   4.81853   1.30646   5.67337  1   2.51715   1.64707   2.96624  1
     1.59000      0.00000   1.67914   1.83908   3.75515  1   2.52519   1.64368   2.96849  1
     1.62000      0.00000   0.46062   0.65668   1.13362  1   2.03803   1.49541   5.71818  1
     1.65000      0.00000   6.21663   2.16565   4.40137  1   4.81109   1.33800   0.93197  1
     1.68000      0.00000   0.46300   0.66537   1.12889  1   4.56376   3.08115   2.24603  1
     1.71000      0.00000   0.45440   0.66298   1.13765  1   4.56952   3.08458   2.25116  1
     1.74000      0.00000   1.67619   1.83038   3.76621  1   0.44851   0.63921   1.16495  1
     1.77000      0.00000   6.21071   2.16404   4.39119  1   2.32437   1.60709   3.18691  1
     1.80000      0.00000   1.67490   1.83226   3.75533  1   5.04389   0.48446   1.74103  1
     1.83000      0.00000   1.67597   1.83738   0.61522  1   3.62593   1.64820   5.80811  1
     1.86000      0.00000   4.81556   1.31256   5.66767  1   6.23890   2.13543   4.43649  1
     1.89000      0.00000   1.67661   1.83165   0.61190  1   4.10120   1.74565   0.07717  1
     1.92000      0.00000   0.46321   0.66122   1.13405  1   4.80292   1.33715   0.93685  1
     1.95000      0.00000   1.67531   1.83350   3.75521  1   2.31702   1.61057   3.18386  1
     1.98000      0.00000   1.67550   1.83369   3.75329  1   2.51753   1.64759   2.96628  1
     2.01000      0.00000   1.68127   1.83399   0.61844  1   0.75209   1.61591   4.67595  1
     2.04000      0.00000   1.67585   1.83112   3.75802  1   5.04493   0.48476   1.73912  1
     2.07000      0.00000   0.46592   0.66052   1.13332  1   4.81118   1.33792   0.93207  1
     2.10000      0.00000   1.67871   1.83393   3.75652  1   2.51987   1.64526   2.96875  1
     2.13000      0.00000   0.45695   0.66328   1.13745  1   4.54921   3.08274   2.23001  1
     2.16000      0.00000   0.45869   0.65746   1.13799  1   1.66133   1.80445   0.63394  1
     2.19000      0.00000   0.45762   0.66875   1.13641  1   4.80283   1.33723   0.93676  1
     2.22000      0.00000   1.67950   1.83027   0.61186  1   4.22588   2.22883   3.65192  1
     2.25000      0.00000   6.21951   2.15423   4.39638  1   4.79887   1.34423   0.93871  1
     2.28000      0.00000   1.67816   1.83306   3.75944  1   4.55494   3.08510   2.23410  1
     2.31000      0.00000   0.46258   0.66199   1.13333  1   5.04125   0.48848   1.74089  1
     2.34000      0.00000   6.21209   2.16046   4.39388  1   4.61002   3.08625   2.28854  1
     2.37000      0.00000   1.67846   1.83620   3.75915  1   2.49134   1.11636   0.23439  1
     2.40000      0.00000   1.68119   1.83268   0.61613  1   0.75214   1.61580   4.67594  1
     2.43000      0.00000   6.21057   2.16321   4.39369  1   4.57575   3.08288   2.25681  1
     2.46000      0.00000   1.67938   1.83277   3.75666  1   4.59391   3.08798   2.27105  1
     2.49000      0.00000   1.67541   1.83294   0.62181  1   0.75125   1.61974   4.68400  1
     2.52000      0.00000   1.67939   1.82986   3.74935  1   4.76399   3.09387   2.44037  1
     2.55000      0.00000   1.67776   1.83339   3.75851  1   4.53206   3.08450   2.21154  1
     2.58000      0.00000   0.47033   0.66193   1.12525  1   4.80274   1.33771   0.93701  1
     2.61000      0.00000   1.67596   1.82946   0.61044  1   4.10319   1.74346   0.07488  1
     2.64000      0.00000   1.68125   1.82993   3.75943  1   2.52536   1.64392   2.96850  1
     2.67000      0.00000   1.68195   1.82721   3.75707  1   5.05985   0.48640   1.73096  1
     2.70000      0.00000   6.21314   2.16348   4.39950  1   0.74770   1.61100   4.67635  1
     2.73000      0.00000   1.67768   1.83727   0.61319  1   3.62756   1.64718   5.80398  1
     2.76000      0.00000   0.46457   0.66727   1.13168  1   3.62899   1.64705   5.80742  1
     2.79000      0.00000   1.67710   1.83098   3.75397  1   4.67123   3.08546   2.35690  1
     2.82000      0.00000   1.67753   1.82673   3.75515  1   5.43685   1.81498   4.07917  1
     2.85000      0.00000   0.46325   0.66016   1.12738  1   2.03782   1.49515   5.71829  1
     2.88000      0.00000   1.67759   1.83660   3.75365  1   2.49119   1.11639   0.23460  1
     2.91000      0.00000   0.45928   0.66268   1.13502  1   5.43092   1.81689   4.08268  1
     2.94000      0.00000   1.67877   1.83142   0.61645  1   5.04433   0.48448   1.74027  1
     2.97000      0.00000   6.21053   2.16054   4.39722  1   4.55800   3.08257   2.23748  1
     3.00000      0.00000   1.67696   1.83095   3.75724  1   6.24474   2.13466   4.43837  1
     3.03000      0.00000   1.67860   1.83303   3.75835  1   5.04513   0.48861   1.73869  1
     3.06000      0.00000   1.67777   1.83028   0.61456  1   5.04558   0.48904   1.73771  1
     3.09000      0.00000   1.67746   1.83120   0.61708  1   4.10828   1.74321   0.07367  1
     3.12000      0.00000   1.67635   1.83349   3.75333  1   4.58645   3.08586   2.26935  1
     3.15000      0.00000   1.67647   1.83211   3.75366  1   4.55779   3.08929   2.23780  1
     3.18000      0.00000   1.67802   1.83072   3.75326  1   4.64643   3.08930   2.32919  1
     3.21000      0.00000   0.46619   0.65916   1.13218  1   5.05254   0.48478   1.73528  1
     3.24000      0.00000   0.46380   0.65766   1.13095  1   4.80301   1.33706   0.93695  1
     3.27000      0.00000   1.67976   1.83425   3.75859  1   4.57575   3.08288   2.25681  1
     3.30000      0.00000   0.45635   0.66314   1.13472  1   3.50169   2.04893   1.51377  1
     3.33000      0.00000   1.68110   1.83222   3.75564  1   0.75660   1.60616   4.67573  1
     3.36000      0.00000   1.68357   1.83103   3.75461  1   4.63520   3.09342   2.30690  1
     3.39000      0.00000   0.45359   0.65780   1.14356  1   4.58662   3.08585   2.26952  1
     3.42000      0.00000   0.46378   0.65986   1.13277  1   4.80404   1.34144   0.93380  1
     3.45000      0.00000   0.45900   0.66295   1.13521  1   4.57526   3.08288   2.25634  1
     3.48000      0.00000   0.45956   0.66317   1.13565  1   4.53975   3.08853   2.21859  1
     3.51000      0.00000   1.67770   1.83271   3.75421  1   4.62139   3.08753   2.30212  1
     3.54000      0.00000   0.46415   0.65867   1.13020  1   2.04012   1.49470   5.72135  1
     3.57000      0.00000   0.45617   0.66189   1.13482  1   2.51735   1.64735   2.96626  1
     3.60000      0.00000   1.67664   1.83343   3.75572  1   5.04477   0.48450   1.73951  1
     3.63000      0.00000   1.67864   1.83387   3.75780  1   4.53838   3.08459   2.21751  1
     3.66000      0.00000   0.46617   0.66199   1.13005  1   4.55947   3.08506   2.23838  1
     3.69000      0.00000   0.46292   0.65714   1.12922  1   2.51732   1.64692   2.96574  1
     3.72000      0.00000   1.67834   1.83296   3.75593  1   2.51952   1.64478   2.96872  1
     3.75000      0.00000   1.68069   1.83323   3.75721  1   4.64859   3.08295   2.32697  1
     3.78000      0.00000   1.67977   1.83268   3.75511  1   5.05102   0.49005   1.73467  1
     3.81000      0.00000   1.68246   1.83845   3.75747  1   4.80404   1.34144   0.93380  1
     3.84000      0.00000   4.81838   1.30978   5.66763  1   2.32000   1.60681   3.18169  1
     3.87000      0.00000   0.46659   0.66233   1.13035  1   4.51438   3.08622   2.19236  1
     3.90000      0.00000   1.67870   1.83106   3.75472  1   0.74858   1.61177   4.68002  1
     3.93000      0.00000   4.81949   1.31316   5.66508  1   6.24481   2.13462   4.43848  1
     3.96000      0.00000   1.68112   1.83670   3.75600  1   4.80825   1.34569   0.94315  1
     3.99000      0.00000   0.46364   0.65796   1.13417  1   4.81155   1.33758   0.93247  1
     4.02000      0.00000   0.46080   0.65581   1.13415  1   4.71701   3.09335   2.39637  1
     4.05000      0.00000   6.20944   2.15869   4.39377  1   5.04122   0.48845   1.74096  1
     4.08000      0.00000   0.46036   0.66069   1.13286  1   4.56864   3.08469   2.25034  1
     4.11000      0.00000   1.68063   1.83536   3.75392  1   5.44041   1.80128   4.08492  1
     4.14000      0.00000   1.68306   1.83455   3.75662  1   5.04659   0.48884   1.73850  1
     4.17000      0.00000   1.67810   1.83330   3.75959  1   4.53211   3.08423   2.21165  1
     4.20000      0.00000   1.67649   1.83431   0.60930  1   4.10120   1.74565   0.07717  1
     4.23000      0.00000   1.68196   1.83294   3.75314  1   4.53151   3.08419   2.21107  1
     4.26000      0.00000   1.67684   1.83220   0.61357  1   0.74764   1.61093   4.67647  1
     4.29000      0.00000   1.67808   1.83258   0.61103  1   4.10323   1.74319   0.07510  1
     4.32000      0.00000   6.21694   2.15781   4.40387  1   5.05077   0.48928   1.73564  1
     4.35000      0.00000   6.21495   2.15721   4.40128  1   5.05128   0.49000   1.73422  1
     4.38000      0.00000   5.05054   0.48850   1.73744  1   6.21994   2.15416   4.40345  1
     4.41000      0.00000   3.62823   1.64924   5.80849  1   1.68026   1.83582   0.60277  1
     4.44000      0.00000   5.04999   0.48949   1.73790  1   6.21813   2.15597   4.40388  1
     4.47000      0.00000   5.04194   0.49117   1.74808  1   6.21853   2.15526   4.40348  1
     4.50000      0.00000   3.63706   1.64905   5.80542  1   1.68764   1.83430   0.60829  1
     4.53000      0.00000   5.03870   0.49171   1.74800  1   6.21506   2.15443   4.40350  1
     4.56000      0.00000   5.05031   0.48682   1.74349  1   6.21973   2.15682   4.40291  1
     4.59000      0.00000   3.63223   1.65142   5.81022  1   1.68094   1.83497   0.60529  1
     4.62000      0.00000   3.63021   1.65325   5.80714  1   1.68260   1.83491   0.60474  1
     4.65000      0.00000   3.62543   1.65517   5.79820  1   6.21808   2.15559   4.40314  1
     4.68000      0.00000   3.62704   1.65287   5.79727  1   6.21692   2.15549   4.40343  1
     4.71000      0.00000   3.62633   1.65486   5.80137  1   6.21533   2.15384   4.40325  1
     4.74000      0.00000   5.04883   0.48556   1.74241  1   6.21808   2.15559   4.40314  1
     4.77000      0.00000   5.04760   0.48521   1.74316  1   6.21533   2.15384   4.40325  1
     4.80000      0.00000   3.63062   1.65531   5.80168  1   6.21808   2.15559   4.40314  1
     4.83000      0.00000   3.62275   1.65412   5.79579  1   6.21690   2.15476   4.39958  1
     4.86000      0.00000   5.04144   0.48582   1.74961  1   6.10926   0.52674   4.31781  1
     4.89000      0.00000   3.62572   1.65635   5.80237  1   6.21522   2.15406   4.40334  1
     4.92000      0.00000   3.62859   1.65455   5.80657  1   6.10912   0.52649   4.31859  1
     4.95000      0.00000   3.62891   1.65224   5.79710  1   5.65811   2.06085   1.35015  1
